1 266 1
1 763 1
1 835 1
1 1427 1
2 303 1
2 560 1
2 1107 1
2 1475 1
2 1478 1
3 100 1
3 237 1
3 1415 1
3 1529 1
3 1546 1
4 309 1
4 365 1
5 206 1
5 324 1
5 1069 1
6 85 1
6 316 1
6 422 1
6 644 1
6 755 1
6 893 1
6 1142 1
6 1230 1
6 1346 1
6 1547 1
7 455 1
7 459 1
8 771 1
8 883 1
9 1433 1
10 318 1
10 320 1
10 339 1
10 436 1
10 462 1
10 1109 1
10 1137 1
10 1249 1
10 1455 1
11 16 1
11 17 1
11 28 1
11 299 1
11 372 1
11 536 1
11 605 1
11 934 1
11 983 1
11 992 1
11 1082 1
11 1143 1
11 1158 1
11 1353 1
11 1421 1
11 1439 1
11 1453 1
12 594 1
12 672 1
12 1079 1
13 327 1
13 695 1
13 1511 1
14 22 1
14 308 1
14 1145 1
15 234 1
16 28 1
16 299 1
16 605 1
16 934 1
16 983 1
16 992 1
17 28 1
17 299 1
17 605 1
17 934 1
17 983 1
17 992 1
18 413 1
18 645 1
19 389 1
19 414 1
19 537 1
20 186 1
20 394 1
20 1166 1
20 1268 1
21 295 1
22 1145 1
23 57 1
23 328 1
23 720 1
23 1152 1
23 1356 1
23 1473 1
24 1124 1
24 1332 1
25 1010 1
25 1072 1
26 223 1
26 252 1
26 493 1
26 564 1
26 1335 1
27 1551 1
28 299 1
28 372 1
28 934 1
28 983 1
28 992 1
28 1082 1
28 1143 1
28 1353 1
28 1421 1
28 1439 1
29 1068 1
30 487 1
31 206 1
31 286 1
32 178 1
32 393 1
32 429 1
32 1050 1
32 1311 1
32 1328 1
33 600 1
34 44 1
34 1110 1
34 1398 1
34 1476 1
35 402 1
36 315 1
36 780 1
37 105 1
37 820 1
38 1506 1
39 174 1
39 225 1
39 707 1
39 977 1
40 418 1
40 741 1
40 896 1
40 1158 1
41 511 1
41 532 1
41 556 1
41 919 1
41 964 1
41 1197 1
41 1366 1
42 515 1
42 1246 1
43 191 1
43 221 1
43 365 1
43 609 1
43 803 1
43 865 1
43 1398 1
44 191 1
44 221 1
44 365 1
44 488 1
44 609 1
44 617 1
44 803 1
44 865 1
44 868 1
44 966 1
44 997 1
44 1100 1
44 1378 1
44 1398 1
44 1476 1
45 327 1
45 356 1
45 695 1
45 1494 1
45 1511 1
46 79 1
46 119 1
46 177 1
46 332 1
46 444 1
46 620 1
46 694 1
46 706 1
46 730 1
46 782 1
46 874 1
46 902 1
46 924 1
46 1318 1
46 1464 1
46 1499 1
47 660 1
48 1425 1
49 180 1
49 376 1
49 532 1
49 563 1
49 1197 1
49 1339 1
49 1366 1
49 1438 1
49 1509 1
50 669 1
50 1048 1
51 397 1
51 412 1
51 555 1
51 826 1
51 861 1
51 990 1
51 1246 1
52 115 1
52 169 1
52 526 1
52 817 1
52 1151 1
52 1410 1
53 738 1
53 779 1
53 1499 1
53 1521 1
54 1055 1
54 1344 1
55 330 1
55 647 1
55 1357 1
56 260 1
56 606 1
57 328 1
57 720 1
57 1152 1
58 169 1
58 797 1
58 1151 1
59 141 1
60 636 1
60 678 1
61 1239 1
62 1292 1
63 1279 1
63 1442 1
64 76 1
64 387 1
64 970 1
65 450 1
65 540 1
66 196 1
66 450 1
66 540 1
67 628 1
68 894 1
69 1033 1
70 438 1
71 360 1
71 618 1
72 719 1
72 724 1
72 849 1
72 1019 1
72 1514 1
72 1516 1
73 131 1
73 397 1
73 555 1
73 723 1
73 735 1
73 752 1
73 826 1
73 1130 1
73 1246 1
73 1276 1
73 1396 1
74 349 1
74 387 1
74 546 1
74 808 1
74 844 1
74 932 1
74 1480 1
75 533 1
76 387 1
76 430 1
76 480 1
76 970 1
76 1265 1
76 1375 1
76 1408 1
77 140 1
77 247 1
77 259 1
77 345 1
77 440 1
77 460 1
77 598 1
77 665 1
77 931 1
77 1038 1
77 1122 1
77 1413 1
78 206 1
78 298 1
78 404 1
78 732 1
78 945 1
79 119 1
79 149 1
79 177 1
79 302 1
79 332 1
79 444 1
79 471 1
79 476 1
79 569 1
79 620 1
79 651 1
79 694 1
79 706 1
79 718 1
79 730 1
79 760 1
79 782 1
79 902 1
79 924 1
79 981 1
79 1221 1
79 1318 1
79 1362 1
79 1391 1
79 1441 1
79 1464 1
79 1499 1
80 962 1
81 118 1
81 751 1
81 1361 1
82 125 1
82 224 1
83 856 1
84 201 1
84 1160 1
85 316 1
85 422 1
85 644 1
85 755 1
85 787 1
85 893 1
85 1142 1
85 1230 1
85 1346 1
86 126 1
87 1092 1
88 390 1
89 1186 1
90 370 1
90 374 1
90 927 1
90 1118 1
90 1169 1
90 1172 1
90 1526 1
91 411 1
91 1049 1
92 172 1
92 213 1
92 792 1
92 1131 1
92 1171 1
93 264 1
94 220 1
94 323 1
94 423 1
94 542 1
94 1066 1
94 1380 1
94 1463 1
95 1104 1
96 269 1
96 342 1
96 554 1
96 708 1
96 791 1
96 1078 1
96 1347 1
96 1525 1
97 188 1
98 477 1
98 940 1
99 764 1
100 1415 1
100 1529 1
101 654 1
101 1117 1
102 1384 1
103 991 1
103 1196 1
103 1477 1
104 308 1
105 378 1
105 820 1
105 923 1
106 278 1
106 305 1
106 688 1
106 944 1
106 1180 1
106 1255 1
106 1273 1
107 112 1
107 169 1
107 285 1
107 451 1
107 485 1
107 526 1
107 789 1
107 797 1
107 817 1
107 831 1
107 873 1
107 938 1
107 1023 1
107 1102 1
107 1105 1
107 1151 1
107 1410 1
108 1282 1
109 141 1
110 397 1
110 555 1
110 826 1
110 990 1
110 1130 1
110 1276 1
110 1338 1
110 1371 1
110 1396 1
111 1449 1
112 168 1
112 285 1
112 451 1
112 485 1
112 789 1
112 873 1
112 938 1
112 1023 1
112 1102 1
112 1105 1
112 1410 1
113 501 1
113 538 1
113 955 1
114 327 1
114 695 1
114 761 1
114 1298 1
115 169 1
115 285 1
115 451 1
115 797 1
115 817 1
115 938 1
115 1151 1
115 1410 1
116 245 1
116 327 1
116 356 1
116 361 1
116 695 1
116 1233 1
116 1250 1
117 199 1
117 293 1
117 625 1
117 838 1
117 871 1
117 931 1
117 1057 1
117 1088 1
117 1326 1
118 751 1
118 1361 1
119 177 1
119 332 1
119 444 1
119 620 1
119 651 1
119 706 1
119 718 1
119 782 1
119 981 1
119 1318 1
119 1441 1
119 1464 1
119 1521 1
120 625 1
121 1529 1
122 424 1
123 1067 1
123 1505 1
124 385 1
124 592 1
124 819 1
124 872 1
124 887 1
124 897 1
124 931 1
124 951 1
124 1088 1
125 133 1
125 224 1
125 776 1
127 476 1
127 710 1
128 188 1
128 557 1
128 1031 1
128 1147 1
129 550 1
129 1128 1
130 393 1
130 1378 1
131 284 1
131 397 1
131 555 1
131 607 1
131 826 1
131 1130 1
132 701 1
133 359 1
133 894 1
134 922 1
134 967 1
135 175 1
135 698 1
135 1042 1
135 1375 1
136 870 1
137 439 1
137 900 1
138 1381 1
139 553 1
139 1016 1
140 460 1
141 258 1
141 307 1
141 502 1
141 572 1
141 642 1
141 656 1
141 713 1
141 747 1
141 802 1
141 832 1
141 913 1
141 1020 1
141 1084 1
141 1286 1
141 1385 1
141 1454 1
142 173 1
142 1325 1
143 486 1
143 766 1
143 1229 1
144 1424 1
145 454 1
146 257 1
146 1488 1
147 659 1
147 1437 1
147 1456 1
148 397 1
148 412 1
148 555 1
148 723 1
148 826 1
148 861 1
148 1130 1
148 1246 1
148 1409 1
149 476 1
149 569 1
149 637 1
149 651 1
149 706 1
149 760 1
149 782 1
149 830 1
149 1318 1
149 1391 1
149 1441 1
149 1498 1
150 1275 1
151 157 1
151 204 1
151 443 1
151 739 1
151 777 1
151 804 1
151 869 1
151 1093 1
151 1153 1
151 1262 1
151 1342 1
151 1379 1
151 1519 1
152 158 1
153 987 1
153 1243 1
153 1260 1
153 1416 1
153 1504 1
153 1515 1
154 345 1
154 864 1
154 1267 1
155 174 1
155 225 1
155 977 1
156 346 1
156 596 1
157 443 1
159 1104 1
160 302 1
161 395 1
162 1368 1
163 397 1
163 555 1
163 826 1
163 861 1
163 990 1
163 1130 1
164 255 1
165 651 1
165 924 1
166 1000 1
167 666 1
168 169 1
168 285 1
168 451 1
168 789 1
168 797 1
168 817 1
168 938 1
168 1023 1
168 1151 1
169 285 1
169 451 1
169 485 1
169 526 1
169 587 1
169 789 1
169 797 1
169 817 1
169 831 1
169 873 1
169 1151 1
169 1289 1
169 1410 1
170 373 1
170 1363 1
171 820 1
171 923 1
172 213 1
172 306 1
172 792 1
172 1131 1
172 1171 1
173 1325 1
174 225 1
174 241 1
174 380 1
174 668 1
174 707 1
174 888 1
174 977 1
174 1458 1
174 1470 1
174 1514 1
175 222 1
175 238 1
175 387 1
175 1042 1
175 1375 1
176 397 1
176 412 1
176 458 1
176 555 1
176 826 1
176 861 1
176 978 1
176 1276 1
176 1409 1
177 332 1
177 444 1
177 620 1
177 651 1
177 706 1
177 782 1
177 981 1
177 1318 1
177 1441 1
177 1464 1
178 206 1
178 1069 1
178 1378 1
179 561 1
179 725 1
180 376 1
180 563 1
180 1197 1
180 1339 1
180 1366 1
180 1509 1
181 859 1
182 567 1
182 702 1
182 1176 1
182 1255 1
182 1444 1
183 312 1
184 895 1
185 232 1
185 301 1
185 331 1
185 467 1
185 1034 1
185 1329 1
187 692 1
188 557 1
188 1031 1
188 1147 1
189 646 1
190 1033 1
191 609 1
191 617 1
191 997 1
191 1398 1
192 573 1
192 845 1
192 1232 1
193 642 1
193 1402 1
194 1161 1
194 1449 1
195 197 1
196 336 1
198 635 1
198 1077 1
198 1306 1
199 838 1
199 871 1
199 1088 1
200 705 1
200 1083 1
201 954 1
201 1081 1
202 908 1
203 392 1
203 654 1
203 1274 1
204 443 1
204 739 1
204 777 1
204 869 1
204 1093 1
204 1153 1
204 1519 1
205 692 1
206 298 1
206 404 1
206 597 1
206 732 1
206 1378 1
206 1398 1
207 1104 1
208 1108 1
209 256 1
210 347 1
211 1314 1
212 1251 1
213 792 1
213 1131 1
213 1171 1
214 1381 1
215 425 1
215 478 1
215 996 1
215 1173 1
216 1211 1
217 539 1
217 1005 1
217 1146 1
218 807 1
219 472 1
220 722 1
220 1380 1
221 365 1
221 803 1
221 997 1
221 1100 1
221 1398 1
221 1496 1
221 1536 1
222 238 1
222 387 1
222 1042 1
223 248 1
223 641 1
223 671 1
223 1261 1
224 894 1
225 241 1
225 319 1
225 380 1
225 415 1
225 566 1
225 622 1
225 668 1
225 707 1
225 888 1
225 977 1
225 1103 1
225 1245 1
225 1435 1
225 1458 1
226 1155 1
226 1277 1
227 390 1
227 796 1
228 1244 1
229 949 1
230 438 1
230 525 1
230 674 1
230 840 1
230 1445 1
231 630 1
232 301 1
232 331 1
232 432 1
232 433 1
232 467 1
232 909 1
232 1329 1
233 1012 1
235 1326 1
236 327 1
237 1546 1
238 387 1
238 1042 1
239 1246 1
240 397 1
240 412 1
240 555 1
240 826 1
240 990 1
240 1013 1
240 1130 1
240 1372 1
240 1409 1
241 380 1
241 724 1
241 888 1
241 1458 1
241 1514 1
242 327 1
242 341 1
242 356 1
242 363 1
242 695 1
242 743 1
242 809 1
242 953 1
242 1092 1
242 1511 1
243 714 1
244 393 1
244 483 1
244 484 1
244 1378 1
245 281 1
245 327 1
245 361 1
245 449 1
245 740 1
245 795 1
245 1433 1
245 1474 1
245 1511 1
245 1518 1
246 1533 1
247 259 1
247 598 1
247 931 1
247 1413 1
248 252 1
248 353 1
248 493 1
248 1335 1
249 1091 1
250 847 1
251 1203 1
252 641 1
252 671 1
253 914 1
253 1532 1
254 1236 1
255 469 1
257 287 1
257 590 1
258 1128 1
259 345 1
259 440 1
259 460 1
259 625 1
259 931 1
259 1038 1
259 1122 1
259 1413 1
260 606 1
260 829 1
261 555 1
261 861 1
261 1211 1
262 642 1
263 861 1
263 978 1
264 1462 1
265 528 1
265 1182 1
266 763 1
266 835 1
266 1427 1
267 397 1
267 412 1
267 555 1
267 723 1
267 826 1
267 1013 1
267 1130 1
267 1246 1
267 1396 1
268 475 1
269 342 1
269 791 1
269 1078 1
269 1347 1
269 1525 1
270 397 1
270 412 1
270 555 1
270 723 1
270 826 1
270 990 1
270 1013 1
270 1130 1
270 1246 1
270 1396 1
270 1409 1
271 903 1
272 477 1
272 823 1
272 1422 1
273 1008 1
274 356 1
274 1175 1
275 884 1
276 1367 1
277 1368 1
278 305 1
278 619 1
278 688 1
278 944 1
278 1255 1
278 1273 1
278 1301 1
279 876 1
280 670 1
280 1022 1
280 1370 1
281 961 1
281 1518 1
282 327 1
282 356 1
282 369 1
282 695 1
282 1494 1
282 1511 1
283 1030 1
284 397 1
284 412 1
284 555 1
284 604 1
284 723 1
284 752 1
284 826 1
284 861 1
284 990 1
284 1130 1
284 1246 1
284 1276 1
284 1409 1
285 348 1
285 451 1
285 485 1
285 789 1
285 817 1
285 873 1
285 938 1
285 1023 1
285 1102 1
285 1105 1
285 1410 1
287 1488 1
288 456 1
288 842 1
288 1491 1
289 387 1
289 430 1
290 982 1
290 1066 1
290 1253 1
291 469 1
291 529 1
291 1067 1
291 1099 1
292 533 1
292 1017 1
292 1341 1
293 387 1
293 839 1
293 1057 1
293 1184 1
293 1326 1
294 314 1
294 1158 1
295 926 1
296 1309 1
296 1348 1
296 1407 1
297 695 1
298 404 1
298 732 1
298 945 1
298 1378 1
299 314 1
299 372 1
299 536 1
299 605 1
299 934 1
299 983 1
299 992 1
299 1082 1
299 1143 1
299 1158 1
299 1353 1
299 1421 1
299 1439 1
299 1453 1
299 1495 1
300 1075 1
300 1279 1
300 1552 1
301 331 1
301 467 1
301 909 1
301 1034 1
301 1329 1
302 518 1
302 551 1
302 569 1
302 620 1
302 651 1
302 706 1
302 710 1
302 718 1
302 730 1
302 782 1
302 1073 1
302 1221 1
302 1318 1
302 1441 1
302 1543 1
304 1104 1
305 688 1
306 900 1
306 988 1
306 1355 1
306 1549 1
307 464 1
307 572 1
307 656 1
308 685 1
309 1297 1
310 1526 1
311 1104 1
313 349 1
313 387 1
313 420 1
313 546 1
313 808 1
313 1009 1
313 1096 1
313 1375 1
313 1408 1
313 1480 1
314 934 1
314 983 1
314 1404 1
315 479 1
316 422 1
316 644 1
316 755 1
316 787 1
316 893 1
316 1142 1
316 1230 1
316 1346 1
317 514 1
317 1414 1
318 320 1
318 339 1
318 436 1
318 462 1
318 1109 1
318 1137 1
318 1249 1
318 1455 1
319 358 1
319 809 1
319 1467 1
320 339 1
320 436 1
320 462 1
320 1109 1
320 1137 1
320 1249 1
320 1283 1
320 1455 1
321 1446 1
322 1489 1
323 423 1
323 542 1
323 1201 1
323 1463 1
324 597 1
324 1378 1
325 415 1
326 441 1
327 341 1
327 344 1
327 352 1
327 356 1
327 363 1
327 369 1
327 403 1
327 431 1
327 648 1
327 693 1
327 695 1
327 740 1
327 743 1
327 809 1
327 834 1
327 892 1
327 953 1
327 1044 1
327 1076 1
327 1092 1
327 1175 1
327 1214 1
327 1233 1
327 1250 1
327 1365 1
327 1371 1
327 1401 1
327 1433 1
327 1467 1
327 1469 1
327 1474 1
327 1511 1
327 1518 1
327 1523 1
329 883 1
330 647 1
330 1357 1
331 432 1
331 467 1
331 909 1
331 1034 1
331 1329 1
332 651 1
332 694 1
332 706 1
332 718 1
332 730 1
332 782 1
332 924 1
332 1126 1
332 1318 1
332 1464 1
333 382 1
333 1205 1
334 800 1
335 891 1
336 450 1
336 540 1
337 1388 1
338 695 1
338 809 1
339 436 1
339 462 1
339 1109 1
339 1137 1
339 1249 1
339 1455 1
340 1119 1
341 363 1
341 695 1
341 743 1
341 1092 1
341 1287 1
341 1511 1
342 791 1
342 1078 1
342 1347 1
342 1525 1
343 790 1
344 695 1
344 1044 1
344 1511 1
345 864 1
345 1267 1
345 1413 1
346 527 1
346 533 1
346 596 1
347 392 1
347 474 1
347 547 1
347 654 1
347 1113 1
347 1351 1
348 405 1
348 485 1
348 873 1
348 1102 1
349 546 1
349 808 1
349 844 1
349 885 1
349 1096 1
350 574 1
350 663 1
350 1316 1
350 1494 1
351 633 1
351 1465 1
352 356 1
352 1233 1
352 1511 1
354 1383 1
355 1138 1
356 369 1
356 403 1
356 431 1
356 618 1
356 693 1
356 695 1
356 743 1
356 1175 1
356 1233 1
356 1250 1
356 1401 1
356 1474 1
356 1511 1
356 1518 1
357 503 1
357 557 1
357 1147 1
358 369 1
358 380 1
358 431 1
358 640 1
358 809 1
358 1175 1
358 1435 1
358 1467 1
358 1494 1
359 776 1
360 369 1
360 618 1
360 1316 1
361 369 1
361 449 1
361 740 1
361 892 1
361 907 1
361 1181 1
361 1250 1
361 1429 1
361 1452 1
361 1518 1
362 557 1
362 1147 1
363 695 1
363 1511 1
364 1490 1
365 393 1
365 404 1
365 488 1
365 609 1
365 803 1
365 865 1
365 997 1
365 1398 1
366 450 1
366 512 1
367 388 1
367 838 1
367 931 1
367 1038 1
367 1491 1
368 973 1
368 1377 1
369 403 1
369 695 1
369 809 1
369 892 1
369 1494 1
369 1511 1
370 1358 1
371 784 1
372 605 1
372 934 1
372 983 1
372 992 1
375 601 1
376 563 1
376 1197 1
376 1339 1
376 1366 1
376 1509 1
377 1541 1
378 677 1
378 820 1
378 968 1
379 668 1
380 640 1
380 724 1
380 809 1
380 1298 1
380 1458 1
380 1514 1
381 634 1
382 1205 1
383 700 1
383 737 1
384 843 1
385 592 1
385 819 1
385 872 1
385 887 1
385 897 1
385 951 1
386 1059 1
387 430 1
387 480 1
387 742 1
387 748 1
387 850 1
387 862 1
387 866 1
387 970 1
387 1009 1
387 1042 1
387 1057 1
387 1184 1
387 1265 1
387 1308 1
387 1375 1
387 1480 1
387 1540 1
388 1038 1
389 414 1
389 537 1
389 589 1
390 796 1
390 946 1
390 980 1
390 1552 1
391 613 1
391 923 1
391 988 1
392 547 1
393 396 1
393 483 1
393 484 1
393 488 1
393 769 1
393 1125 1
393 1132 1
393 1378 1
393 1398 1
394 1166 1
396 483 1
396 484 1
396 769 1
396 1125 1
396 1132 1
397 412 1
397 498 1
397 534 1
397 555 1
397 723 1
397 752 1
397 826 1
397 857 1
397 861 1
397 990 1
397 1013 1
397 1086 1
397 1130 1
397 1246 1
397 1276 1
397 1300 1
397 1310 1
397 1343 1
397 1389 1
397 1396 1
397 1409 1
397 1513 1
397 1545 1
397 1550 1
398 1336 1
399 727 1
400 875 1
401 437 1
401 1015 1
401 1528 1
401 1531 1
402 933 1
403 695 1
403 743 1
403 809 1
403 892 1
403 1474 1
403 1511 1
404 495 1
404 728 1
404 732 1
404 945 1
404 1378 1
405 485 1
405 873 1
405 938 1
405 1102 1
406 772 1
406 1231 1
407 421 1
408 1116 1
409 717 1
410 533 1
410 880 1
412 498 1
412 534 1
412 555 1
412 752 1
412 826 1
412 1013 1
412 1086 1
412 1246 1
412 1276 1
412 1409 1
412 1513 1
412 1545 1
413 1359 1
413 1382 1
414 537 1
415 724 1
416 1218 1
417 844 1
419 1290 1
420 825 1
420 1217 1
421 918 1
422 644 1
422 755 1
422 787 1
422 893 1
422 1142 1
422 1346 1
423 542 1
423 722 1
423 1201 1
423 1463 1
423 1553 1
424 1299 1
425 478 1
425 996 1
425 1173 1
426 583 1
427 809 1
428 1257 1
429 1050 1
429 1311 1
430 546 1
430 698 1
430 808 1
430 970 1
430 1009 1
430 1127 1
430 1265 1
430 1375 1
430 1392 1
430 1408 1
431 695 1
431 809 1
432 765 1
432 1329 1
433 909 1
433 1329 1
434 925 1
435 986 1
436 462 1
436 1109 1
436 1137 1
436 1249 1
436 1283 1
436 1455 1
437 1528 1
438 525 1
438 958 1
439 549 1
439 806 1
439 900 1
439 1355 1
439 1393 1
441 956 1
442 1213 1
443 739 1
443 777 1
443 869 1
443 1153 1
443 1262 1
443 1379 1
443 1519 1
444 620 1
444 651 1
444 706 1
444 782 1
444 981 1
444 1221 1
444 1318 1
444 1441 1
445 983 1
446 1211 1
447 594 1
448 1074 1
448 1400 1
448 1530 1
449 1181 1
449 1433 1
450 512 1
450 540 1
451 485 1
451 789 1
451 817 1
451 873 1
451 1023 1
451 1410 1
452 477 1
452 823 1
452 940 1
452 1272 1
453 1524 1
454 736 1
455 459 1
456 558 1
456 792 1
456 842 1
456 1038 1
456 1491 1
457 1021 1
457 1338 1
458 498 1
458 775 1
458 1343 1
461 632 1
462 1109 1
462 1137 1
462 1249 1
462 1283 1
462 1455 1
463 826 1
464 1252 1
464 1402 1
465 543 1
465 552 1
465 814 1
465 1177 1
465 1440 1
466 530 1
467 909 1
467 1329 1
468 528 1
469 470 1
469 578 1
469 1320 1
470 529 1
470 1067 1
470 1099 1
471 706 1
471 782 1
471 1318 1
472 1426 1
473 691 1
473 1047 1
473 1204 1
474 654 1
474 1117 1
474 1274 1
474 1351 1
476 518 1
476 551 1
476 569 1
476 620 1
476 651 1
476 706 1
476 710 1
476 718 1
476 782 1
476 1032 1
476 1221 1
476 1318 1
476 1441 1
477 823 1
477 940 1
477 1422 1
478 996 1
478 1173 1
480 970 1
480 1265 1
481 559 1
481 812 1
482 588 1
482 906 1
482 1394 1
483 484 1
483 1378 1
484 879 1
484 1132 1
484 1378 1
485 789 1
485 797 1
485 817 1
485 873 1
485 938 1
485 1023 1
485 1102 1
485 1105 1
485 1410 1
486 1449 1
488 609 1
488 617 1
488 865 1
488 997 1
488 1100 1
488 1398 1
489 600 1
490 1259 1
491 559 1
491 1468 1
492 1510 1
493 641 1
493 671 1
493 712 1
493 1350 1
494 680 1
495 1148 1
495 1378 1
496 980 1
496 1152 1
496 1473 1
497 1246 1
498 555 1
498 861 1
498 978 1
498 1013 1
498 1276 1
498 1409 1
499 1477 1
499 1485 1
500 508 1
500 1080 1
500 1225 1
500 1257 1
500 1286 1
500 1317 1
500 1374 1
500 1454 1
501 538 1
501 955 1
501 1501 1
502 522 1
502 642 1
502 656 1
502 913 1
502 1084 1
503 1147 1
504 553 1
504 905 1
505 845 1
505 1226 1
505 1320 1
506 703 1
507 646 1
507 1221 1
508 1286 1
509 1190 1
510 1135 1
511 532 1
511 556 1
511 563 1
511 964 1
511 1197 1
511 1366 1
513 621 1
514 899 1
515 593 1
515 1120 1
516 1162 1
517 865 1
518 569 1
518 651 1
518 1222 1
519 752 1
519 1246 1
520 713 1
520 999 1
521 734 1
522 642 1
522 656 1
522 913 1
522 1084 1
522 1218 1
523 1007 1
524 783 1
525 674 1
525 840 1
525 939 1
525 1445 1
526 817 1
526 1151 1
526 1294 1
526 1410 1
527 533 1
527 596 1
527 1014 1
528 1027 1
528 1479 1
529 1315 1
531 759 1
531 1333 1
532 556 1
532 919 1
532 964 1
532 1197 1
532 1366 1
533 596 1
533 788 1
533 880 1
533 1014 1
533 1017 1
533 1280 1
533 1341 1
534 555 1
534 723 1
534 826 1
534 1013 1
534 1130 1
534 1246 1
534 1409 1
535 666 1
536 934 1
536 983 1
536 992 1
537 589 1
538 955 1
538 1501 1
539 1005 1
539 1146 1
541 767 1
542 1463 1
543 552 1
543 814 1
543 1440 1
544 1085 1
545 851 1
545 1345 1
546 808 1
546 844 1
546 885 1
546 1096 1
547 1113 1
547 1274 1
547 1351 1
548 662 1
548 758 1
548 794 1
548 858 1
549 900 1
550 642 1
550 1115 1
550 1128 1
550 1218 1
550 1290 1
552 814 1
552 1440 1
553 1016 1
554 791 1
554 1078 1
554 1347 1
554 1525 1
555 604 1
555 752 1
555 775 1
555 826 1
555 857 1
555 861 1
555 978 1
555 1086 1
555 1130 1
555 1246 1
555 1276 1
555 1300 1
555 1310 1
555 1343 1
555 1389 1
555 1396 1
555 1409 1
555 1513 1
555 1545 1
555 1550 1
556 964 1
557 612 1
557 762 1
557 1031 1
557 1147 1
557 1418 1
558 832 1
558 842 1
559 812 1
561 681 1
561 725 1
561 1165 1
562 1174 1
563 1197 1
563 1339 1
563 1366 1
563 1509 1
565 901 1
565 928 1
567 1444 1
568 888 1
569 620 1
569 651 1
569 706 1
569 718 1
569 782 1
569 1032 1
569 1073 1
569 1221 1
569 1318 1
569 1441 1
569 1543 1
570 733 1
571 601 1
572 747 1
572 802 1
572 832 1
572 1257 1
572 1317 1
572 1454 1
575 1156 1
576 697 1
576 1544 1
577 581 1
578 1099 1
579 781 1
580 943 1
582 863 1
584 1383 1
585 816 1
586 914 1
587 797 1
587 1151 1
590 1488 1
591 1139 1
592 819 1
592 872 1
592 887 1
592 897 1
592 951 1
595 768 1
595 904 1
595 1502 1
596 1014 1
597 1069 1
598 625 1
598 931 1
598 1038 1
598 1057 1
598 1122 1
599 709 1
600 661 1
601 1527 1
602 1242 1
603 911 1
604 861 1
604 1343 1
605 983 1
605 1143 1
605 1353 1
605 1390 1
605 1453 1
606 829 1
607 1246 1
608 1381 1
609 803 1
609 868 1
609 997 1
609 1100 1
609 1398 1
610 1142 1
611 684 1
612 1147 1
613 988 1
613 1002 1
614 858 1
615 654 1
615 783 1
616 619 1
616 1301 1
617 868 1
617 997 1
617 1398 1
618 1477 1
618 1485 1
620 651 1
620 706 1
620 760 1
620 782 1
620 874 1
620 924 1
620 981 1
620 1221 1
620 1222 1
620 1318 1
620 1441 1
620 1521 1
620 1543 1
622 809 1
623 1064 1
623 1448 1
624 1503 1
625 665 1
625 838 1
625 871 1
625 931 1
625 1038 1
625 1122 1
626 801 1
627 899 1
629 1534 1
630 778 1
630 1164 1
631 1084 1
633 1104 1
633 1381 1
634 1200 1
635 1077 1
635 1248 1
635 1306 1
637 651 1
637 760 1
637 830 1
637 1391 1
637 1441 1
638 1381 1
639 1189 1
640 1354 1
640 1435 1
640 1458 1
640 1514 1
641 1335 1
642 650 1
642 656 1
642 802 1
642 832 1
642 913 1
642 1084 1
642 1218 1
642 1290 1
643 1104 1
644 755 1
644 787 1
644 893 1
644 992 1
644 1114 1
644 1230 1
644 1346 1
646 1220 1
646 1362 1
647 1357 1
648 695 1
648 1511 1
649 1368 1
650 832 1
651 706 1
651 718 1
651 730 1
651 760 1
651 782 1
651 924 1
651 981 1
651 989 1
651 1073 1
651 1221 1
651 1222 1
651 1318 1
651 1441 1
652 1070 1
652 1237 1
653 1257 1
654 783 1
654 1001 1
654 1117 1
654 1351 1
655 1147 1
656 802 1
656 832 1
656 913 1
656 1084 1
656 1218 1
657 809 1
658 982 1
658 1066 1
662 1376 1
664 1443 1
665 931 1
665 951 1
665 1038 1
665 1089 1
665 1122 1
666 722 1
666 867 1
666 930 1
667 749 1
668 719 1
668 888 1
668 1467 1
670 1022 1
670 1370 1
671 1335 1
672 1079 1
673 715 1
673 900 1
673 1027 1
673 1479 1
674 939 1
675 741 1
675 934 1
676 1263 1
678 731 1
678 1016 1
678 1210 1
678 1238 1
679 1202 1
680 1322 1
680 1369 1
681 725 1
682 698 1
682 846 1
682 1326 1
682 1375 1
682 1480 1
683 878 1
684 855 1
686 1381 1
687 1337 1
688 944 1
688 1255 1
689 1054 1
690 967 1
692 1165 1
693 695 1
693 1511 1
694 706 1
694 718 1
694 730 1
694 782 1
694 924 1
694 1318 1
694 1464 1
694 1521 1
695 743 1
695 809 1
695 892 1
695 953 1
695 963 1
695 1076 1
695 1092 1
695 1175 1
695 1214 1
695 1233 1
695 1321 1
695 1365 1
695 1401 1
695 1433 1
695 1467 1
695 1469 1
695 1474 1
695 1511 1
695 1523 1
696 1003 1
697 1167 1
697 1199 1
697 1313 1
698 1009 1
698 1375 1
698 1419 1
699 1047 1
700 737 1
702 1176 1
702 1255 1
702 1444 1
704 1548 1
706 718 1
706 730 1
706 760 1
706 782 1
706 902 1
706 924 1
706 981 1
706 1221 1
706 1318 1
706 1362 1
706 1391 1
706 1441 1
706 1464 1
706 1499 1
706 1521 1
706 1543 1
707 977 1
708 791 1
708 1420 1
710 782 1
710 1318 1
711 1191 1
712 1335 1
713 999 1
714 1544 1
715 900 1
715 1043 1
715 1182 1
716 1451 1
718 730 1
718 782 1
718 924 1
718 1220 1
718 1222 1
718 1318 1
718 1362 1
718 1391 1
719 809 1
720 1152 1
721 1063 1
721 1136 1
722 1304 1
722 1380 1
723 826 1
723 1086 1
723 1246 1
723 1310 1
724 888 1
724 977 1
724 1435 1
724 1514 1
725 1165 1
726 1104 1
727 1053 1
728 732 1
728 945 1
729 883 1
730 782 1
730 924 1
730 1318 1
730 1464 1
730 1499 1
730 1521 1
732 945 1
735 1310 1
738 779 1
738 1499 1
738 1521 1
739 777 1
739 869 1
739 1153 1
739 1262 1
740 907 1
740 1181 1
740 1474 1
740 1511 1
740 1518 1
742 846 1
742 1308 1
742 1375 1
742 1480 1
743 809 1
743 1511 1
744 1461 1
745 1101 1
746 1055 1
747 802 1
747 1317 1
747 1402 1
750 1158 1
751 1361 1
752 826 1
752 1130 1
752 1310 1
752 1482 1
753 937 1
754 1051 1
755 893 1
755 1142 1
755 1230 1
755 1346 1
755 1547 1
756 1147 1
757 1212 1
758 794 1
758 858 1
760 782 1
760 830 1
760 1073 1
760 1154 1
760 1391 1
760 1441 1
760 1543 1
761 1298 1
762 1147 1
763 835 1
763 1427 1
765 909 1
765 1329 1
766 1229 1
766 1431 1
769 1125 1
770 935 1
770 1490 1
771 821 1
771 824 1
771 883 1
771 1071 1
771 1539 1
772 1231 1
773 1240 1
774 1061 1
774 1194 1
775 861 1
775 978 1
776 894 1
777 1519 1
778 1164 1
779 1499 1
782 902 1
782 924 1
782 981 1
782 1221 1
782 1318 1
782 1362 1
782 1391 1
782 1441 1
782 1464 1
783 1551 1
785 959 1
785 1032 1
785 1159 1
785 1208 1
786 1166 1
787 893 1
787 1142 1
787 1230 1
787 1346 1
789 797 1
789 817 1
789 873 1
789 938 1
789 1023 1
789 1102 1
789 1105 1
789 1410 1
790 950 1
791 1078 1
791 1347 1
791 1420 1
791 1525 1
792 842 1
792 1131 1
792 1171 1
792 1491 1
793 1508 1
794 858 1
795 1452 1
796 946 1
797 817 1
797 873 1
797 1151 1
798 1403 1
799 960 1
800 1018 1
800 1241 1
802 832 1
802 1020 1
802 1317 1
803 997 1
803 1398 1
803 1496 1
803 1536 1
805 854 1
806 900 1
806 1479 1
808 844 1
808 885 1
808 1096 1
809 892 1
809 953 1
809 1092 1
809 1175 1
809 1214 1
809 1245 1
809 1287 1
809 1330 1
809 1435 1
809 1467 1
809 1474 1
809 1516 1
810 993 1
811 894 1
813 1305 1
814 1440 1
815 1028 1
817 831 1
817 938 1
817 1023 1
817 1151 1
817 1410 1
818 822 1
819 872 1
819 887 1
819 897 1
819 951 1
821 883 1
821 1071 1
821 1539 1
823 940 1
823 1106 1
823 1422 1
825 1217 1
826 857 1
826 861 1
826 1013 1
826 1041 1
826 1086 1
826 1130 1
826 1246 1
826 1276 1
826 1300 1
826 1310 1
826 1389 1
826 1396 1
826 1513 1
826 1545 1
826 1550 1
827 1219 1
828 1512 1
830 1154 1
831 1151 1
831 1410 1
832 1084 1
832 1115 1
832 1218 1
832 1290 1
833 1025 1
834 1511 1
835 1217 1
836 989 1
837 1533 1
838 871 1
838 931 1
838 1038 1
838 1088 1
838 1326 1
839 1057 1
839 1184 1
840 939 1
841 954 1
842 931 1
842 1038 1
842 1491 1
845 1134 1
846 932 1
846 1375 1
846 1480 1
847 998 1
847 1360 1
847 1411 1
848 1207 1
851 1121 1
852 1477 1
853 1281 1
856 1040 1
858 929 1
858 1198 1
860 969 1
861 978 1
861 1086 1
861 1130 1
861 1223 1
861 1276 1
861 1343 1
861 1409 1
861 1550 1
862 1042 1
863 1235 1
863 1430 1
865 997 1
865 1398 1
866 932 1
866 1349 1
866 1375 1
866 1480 1
866 1540 1
868 997 1
868 1398 1
869 1153 1
871 931 1
871 1038 1
871 1057 1
871 1088 1
871 1326 1
872 887 1
872 897 1
872 951 1
873 938 1
873 1023 1
873 1102 1
873 1105 1
873 1410 1
877 1293 1
881 1047 1
882 1215 1
883 1071 1
883 1539 1
886 1297 1
887 897 1
887 951 1
888 1103 1
888 1514 1
889 1534 1
890 1302 1
892 1250 1
892 1474 1
892 1511 1
892 1518 1
893 1114 1
893 1230 1
893 1346 1
894 1185 1
894 1310 1
897 951 1
898 1062 1
900 1043 1
900 1355 1
900 1393 1
900 1479 1
901 928 1
901 1134 1
902 1318 1
907 1474 1
908 1266 1
909 1329 1
910 1466 1
912 1428 1
912 1524 1
913 1084 1
913 1290 1
914 1532 1
915 1045 1
916 1206 1
917 943 1
919 964 1
919 1254 1
920 1324 1
921 1129 1
924 1318 1
924 1441 1
924 1464 1
924 1521 1
931 951 1
931 1038 1
931 1088 1
931 1122 1
931 1491 1
932 1123 1
932 1349 1
932 1375 1
932 1480 1
932 1540 1
934 983 1
934 992 1
934 1082 1
934 1143 1
934 1158 1
934 1353 1
934 1421 1
934 1439 1
934 1453 1
934 1495 1
935 1490 1
936 1067 1
938 1102 1
938 1410 1
939 958 1
941 1024 1
942 976 1
947 1095 1
948 978 1
948 1409 1
951 1088 1
952 1222 1
953 1511 1
955 1501 1
957 1006 1
958 1445 1
959 1159 1
959 1208 1
961 1474 1
965 1540 1
966 1398 1
968 1472 1
970 1375 1
971 1272 1
972 1295 1
974 1282 1
975 1341 1
978 1343 1
978 1409 1
979 1012 1
981 1318 1
981 1441 1
982 1066 1
982 1201 1
982 1253 1
983 992 1
983 1082 1
983 1143 1
983 1158 1
983 1353 1
983 1421 1
983 1439 1
983 1453 1
983 1495 1
984 1302 1
985 1555 1
987 1243 1
987 1260 1
987 1416 1
987 1515 1
990 1086 1
990 1130 1
990 1246 1
990 1389 1
990 1513 1
990 1550 1
992 1082 1
992 1143 1
992 1158 1
992 1174 1
992 1353 1
992 1421 1
992 1439 1
994 1104 1
995 1510 1
996 1173 1
997 1100 1
997 1378 1
997 1398 1
998 1360 1
998 1411 1
999 1111 1
999 1319 1
999 1387 1
1000 1144 1
1001 1117 1
1004 1185 1
1005 1146 1
1009 1375 1
1009 1408 1
1010 1406 1
1011 1227 1
1012 1029 1
1013 1086 1
1013 1130 1
1013 1246 1
1013 1310 1
1013 1372 1
1013 1409 1
1013 1545 1
1015 1528 1
1015 1531 1
1021 1338 1
1022 1370 1
1023 1410 1
1026 1094 1
1027 1043 1
1027 1355 1
1027 1479 1
1031 1147 1
1031 1418 1
1032 1159 1
1032 1208 1
1032 1270 1
1033 1381 1
1033 1486 1
1034 1329 1
1035 1333 1
1036 1161 1
1036 1449 1
1037 1405 1
1038 1122 1
1038 1491 1
1038 1554 1
1039 1537 1
1043 1479 1
1044 1477 1
1044 1511 1
1046 1483 1
1047 1535 1
1050 1069 1
1050 1311 1
1052 1422 1
1053 1269 1
1055 1344 1
1056 1284 1
1057 1184 1
1057 1326 1
1058 1433 1
1060 1180 1
1060 1390 1
1062 1224 1
1063 1226 1
1063 1320 1
1065 1271 1
1066 1253 1
1067 1315 1
1069 1378 1
1071 1539 1
1072 1179 1
1073 1543 1
1076 1511 1
1078 1347 1
1078 1525 1
1080 1257 1
1080 1286 1
1080 1374 1
1080 1454 1
1084 1218 1
1086 1130 1
1086 1246 1
1086 1396 1
1086 1409 1
1087 1520 1
1090 1314 1
1090 1436 1
1092 1511 1
1097 1540 1
1098 1307 1
1100 1398 1
1100 1496 1
1100 1536 1
1101 1447 1
1102 1105 1
1102 1410 1
1104 1170 1
1104 1269 1
1104 1312 1
1104 1364 1
1104 1434 1
1104 1465 1
1104 1486 1
1105 1410 1
1109 1137 1
1109 1249 1
1109 1283 1
1109 1455 1
1111 1319 1
1111 1387 1
1112 1352 1
1117 1228 1
1118 1169 1
1121 1417 1
1123 1540 1
1130 1246 1
1130 1276 1
1130 1300 1
1130 1310 1
1130 1389 1
1130 1396 1
1130 1513 1
1130 1550 1
1133 1160 1
1134 1320 1
1137 1249 1
1137 1455 1
1140 1262 1
1141 1432 1
1142 1346 1
1142 1492 1
1142 1547 1
1147 1195 1
1147 1418 1
1147 1469 1
1148 1378 1
1149 1406 1
1150 1488 1
1151 1289 1
1151 1410 1
1153 1379 1
1153 1519 1
1154 1391 1
1154 1441 1
1155 1169 1
1155 1172 1
1155 1277 1
1157 1323 1
1157 1497 1
1158 1331 1
1159 1208 1
1159 1270 1
1163 1373 1
1163 1381 1
1166 1268 1
1168 1345 1
1169 1277 1
1175 1511 1
1176 1444 1
1178 1493 1
1181 1511 1
1183 1507 1
1187 1510 1
1188 1320 1
1192 1193 1
1193 1307 1
1197 1339 1
1197 1366 1
1197 1509 1
1201 1463 1
1209 1412 1
1214 1511 1
1216 1340 1
1218 1290 1
1221 1222 1
1221 1318 1
1221 1362 1
1221 1441 1
1221 1543 1
1225 1257 1
1225 1286 1
1225 1374 1
1230 1346 1
1233 1511 1
1234 1316 1
1240 1423 1
1243 1260 1
1243 1416 1
1243 1504 1
1243 1515 1
1246 1310 1
1246 1396 1
1246 1409 1
1246 1513 1
1247 1489 1
1248 1520 1
1249 1455 1
1250 1494 1
1251 1258 1
1255 1444 1
1256 1298 1
1257 1286 1
1257 1317 1
1257 1374 1
1257 1454 1
1257 1484 1
1260 1416 1
1260 1504 1
1260 1515 1
1261 1335 1
1263 1264 1
1265 1375 1
1274 1293 1
1274 1301 1
1276 1310 1
1276 1409 1
1278 1459 1
1279 1442 1
1280 1521 1
1285 1542 1
1286 1402 1
1286 1454 1
1288 1460 1
1291 1522 1
1293 1301 1
1296 1397 1
1298 1458 1
1300 1396 1
1303 1457 1
1307 1450 1
1308 1375 1
1310 1396 1
1316 1494 1
1317 1402 1
1317 1484 1
1318 1362 1
1318 1391 1
1318 1441 1
1318 1464 1
1318 1499 1
1318 1543 1
1324 1534 1
1326 1480 1
1327 1472 1
1334 1526 1
1335 1350 1
1338 1389 1
1339 1366 1
1339 1438 1
1339 1509 1
1343 1409 1
1347 1525 1
1349 1540 1
1354 1435 1
1354 1494 1
1355 1479 1
1356 1436 1
1365 1511 1
1366 1438 1
1371 1511 1
1374 1454 1
1374 1471 1
1375 1408 1
1375 1480 1
1375 1540 1
1378 1398 1
1381 1486 1
1386 1417 1
1391 1441 1
1391 1498 1
1395 1416 1
1398 1476 1
1399 1517 1
1400 1530 1
1401 1511 1
1402 1484 1
1409 1545 1
1415 1529 1
1416 1504 1
1416 1515 1
1428 1524 1
1433 1469 1
1433 1511 1
1435 1514 1
1438 1509 1
1441 1498 1
1441 1543 1
1456 1487 1
1458 1514 1
1469 1511 1
1474 1511 1
1474 1518 1
1474 1523 1
1477 1485 1
1481 1538 1
1496 1536 1
1499 1521 1
1500 1529 1
1504 1515 1
1511 1518 1
1511 1523 1
1529 1546 1
