1 266 0.48071
1 763 0.44989
1 835 0.4032
1 1427 0.45234
2 303 0.45012
2 560 0.44446
2 1107 0.41545
2 1475 0.48011
2 1478 0.43286
3 100 0.40511
3 237 0.47513
3 1415 0.45464
3 1529 0.49899
3 1546 0.41071
4 309 0.45809
4 365 0.40656
5 206 0.41756
5 324 0.47579
5 1069 0.6147699999999999
6 85 0.45899
6 316 0.44464
6 422 0.50431
6 644 0.45333
6 755 0.58057
6 893 0.46522
6 1142 0.58275
6 1230 0.41074
6 1346 0.47753
6 1547 0.49632
7 455 0.42995
7 459 0.41166
8 771 0.40647
8 883 0.57468
9 1433 0.4007
10 318 0.49878
10 320 0.53473
10 339 0.54943
10 436 0.60109
10 462 0.57598
10 1109 0.60544
10 1137 0.54159
10 1249 0.46678
10 1455 0.57068
11 16 0.52354
11 17 0.49019
11 28 0.50247
11 299 0.57439
11 372 0.58862
11 536 0.50247
11 605 0.5092899999999999
11 934 0.59645
11 983 0.73927
11 992 0.5908399999999999
11 1082 0.50247
11 1143 0.5605899999999999
11 1158 0.4215100000000001
11 1353 0.5605899999999999
11 1421 0.50576
11 1439 0.43286
11 1453 0.43286
12 594 0.42824
12 672 0.54069
12 1079 0.45113
13 327 0.41802
13 695 0.42824
13 1511 0.4148
14 22 0.57439
14 308 0.42279
14 1145 0.46704
15 234 0.41362
16 28 0.45113
16 299 0.5272100000000001
16 605 0.44208
16 934 0.5092899999999999
16 983 0.57439
16 992 0.49019
17 28 0.44901
17 299 0.50247
17 605 0.44208
17 934 0.57439
17 983 0.50655
17 992 0.57439
18 413 0.45012
18 645 0.43286
19 389 0.44145
19 414 0.45989
19 537 0.43409
20 186 0.44208
20 394 0.4215100000000001
20 1166 0.45113
20 1268 0.4215100000000001
21 295 0.56777
22 1145 0.43829
23 57 0.63147
23 328 0.49019
23 720 0.54069
23 1152 0.59645
23 1356 0.49019
23 1473 0.40709
24 1124 0.41743
24 1332 0.45496
25 1010 0.48011
25 1072 0.48011
26 223 0.5272100000000001
26 252 0.44944
26 493 0.47513
26 564 0.43829
26 1335 0.5272100000000001
27 1551 0.42824
28 299 0.48011
28 372 0.50576
28 934 0.50576
28 983 0.48011
28 992 0.50247
28 1082 0.44944
28 1143 0.44901
28 1353 0.57055
28 1421 0.40709
28 1439 0.4215100000000001
29 1068 0.46299999999999997
30 487 0.4402100000000001
31 206 0.42824
31 286 0.56197
32 178 0.4084
32 393 0.43099
32 429 0.77185
32 1050 0.80466
32 1311 0.43265
32 1328 0.43992
33 600 0.45113
34 44 0.4772
34 1110 0.62945
34 1398 0.43574
34 1476 0.56471
35 402 0.42242
36 315 0.41765
36 780 0.5092899999999999
37 105 0.50361
37 820 0.44204
38 1506 0.4102
39 174 0.45113
39 225 0.67211
39 707 0.5435399999999999
39 977 0.5009899999999999
40 418 0.50247
40 741 0.63147
40 896 0.49019
40 1158 0.4148
41 511 0.63663
41 532 0.64336
41 556 0.54955
41 919 0.48011
41 964 0.52517
41 1197 0.46653
41 1366 0.4082
42 515 0.41802
42 1246 0.45113
43 191 0.41152
43 221 0.41015
43 365 0.40709
43 609 0.40405
43 803 0.44204
43 865 0.40601
43 1398 0.45147
44 191 0.50242
44 221 0.4481
44 365 0.42517
44 488 0.52652
44 609 0.46853
44 617 0.5670000000000001
44 803 0.47387
44 865 0.4461
44 868 0.45704
44 966 0.45548
44 997 0.66692
44 1100 0.46123
44 1378 0.4221
44 1398 0.69525
44 1476 0.42935
45 327 0.49019
45 356 0.5272100000000001
45 695 0.50247
45 1494 0.49019
45 1511 0.50576
46 79 0.52104
46 119 0.42844
46 177 0.46012
46 332 0.7460100000000001
46 444 0.4359
46 620 0.41142
46 694 0.45814
46 706 0.59441
46 730 0.46365
46 782 0.53265
46 874 0.41063
46 902 0.40862
46 924 0.45468
46 1318 0.53609
46 1464 0.69135
46 1499 0.43797
47 660 0.41089
48 1425 0.43108
49 180 0.4972
49 376 0.44895
49 532 0.40724
49 563 0.5263
49 1197 0.53094
49 1339 0.5569
49 1366 0.49876
49 1438 0.44276
49 1509 0.45023
50 669 0.4046
50 1048 0.40957
51 397 0.50247
51 412 0.48011
51 555 0.5272100000000001
51 826 0.49019
51 861 0.50576
51 990 0.44208
51 1246 0.52562
52 115 0.42719
52 169 0.47399
52 526 0.4930100000000001
52 817 0.48671
52 1151 0.41571
52 1410 0.41532
53 738 0.47718
53 779 0.53482
53 1499 0.47087
53 1521 0.44505
54 1055 0.40709
54 1344 0.45012
55 330 0.51249
55 647 0.41788
55 1357 0.79085
56 260 0.44647
56 606 0.50797
57 328 0.49019
57 720 0.60237
57 1152 0.51742
58 169 0.5804
58 797 0.6046699999999999
58 1151 0.4148600000000001
59 141 0.4345100000000001
60 636 0.40046
60 678 0.43829
61 1239 0.60145
62 1292 0.43286
63 1279 0.70394
63 1442 0.51889
64 76 0.51905
64 387 0.4230600000000001
64 970 0.44179
65 450 0.47923
65 540 0.40184
66 196 0.40722
66 450 0.45555
66 540 0.4225600000000001
67 628 0.4215100000000001
68 894 0.44901
69 1033 0.45919
70 438 0.40709
71 360 0.40709
71 618 0.43444
72 719 0.40785
72 724 0.45113
72 849 0.40988
72 1019 0.4027
72 1514 0.4215100000000001
72 1516 0.4351600000000001
73 131 0.45113
73 397 0.50576
73 555 0.48011
73 723 0.43286
73 735 0.40709
73 752 0.45113
73 826 0.59645
73 1130 0.48011
73 1246 0.58618
73 1276 0.42634
73 1396 0.50247
74 349 0.43621
74 387 0.50429
74 546 0.42382
74 808 0.45517
74 844 0.47084
74 932 0.48602
74 1480 0.49165
75 533 0.41545
76 387 0.53093
76 430 0.46803
76 480 0.4643100000000001
76 970 0.52786
76 1265 0.40709
76 1375 0.41048
76 1408 0.47387
77 140 0.40078
77 247 0.44886
77 259 0.69133
77 345 0.47306
77 440 0.4213
77 460 0.48209
77 598 0.43575
77 665 0.42654
77 931 0.48461
77 1038 0.40565
77 1122 0.41288
77 1413 0.6122
78 206 0.4075
78 298 0.58281
78 404 0.46998
78 732 0.4405600000000001
78 945 0.44501
79 119 0.44854
79 149 0.43528
79 177 0.45951
79 302 0.44444
79 332 0.49993
79 444 0.45403
79 471 0.40294
79 476 0.47387
79 569 0.44763
79 620 0.41097
79 651 0.50207
79 694 0.4526600000000001
79 706 0.7925300000000001
79 718 0.50235
79 730 0.504
79 760 0.42037
79 782 0.7654
79 902 0.44191
79 924 0.5416
79 981 0.40626
79 1221 0.45617
79 1318 0.78215
79 1362 0.41504
79 1391 0.43651
79 1441 0.4335100000000001
79 1464 0.4894
79 1499 0.40626
80 962 0.4215100000000001
81 118 0.42061
81 751 0.43574
81 1361 0.4031
82 125 0.48011
82 224 0.40709
83 856 0.41674
84 201 0.47513
84 1160 0.41545
85 316 0.58565
85 422 0.59418
85 644 0.56965
85 755 0.4386
85 787 0.51483
85 893 0.56481
85 1142 0.45246
85 1230 0.55929
85 1346 0.58435
86 126 0.54581
87 1092 0.4106
88 390 0.44208
89 1186 0.42105
90 370 0.49019
90 374 0.48011
90 927 0.5272100000000001
90 1118 0.57055
90 1169 0.50576
90 1172 0.63147
90 1526 0.48011
91 411 0.40271
91 1049 0.40802
92 172 0.57709
92 213 0.57491
92 792 0.69815
92 1131 0.63554
92 1171 0.5092899999999999
93 264 0.46776
94 220 0.43304
94 323 0.61141
94 423 0.6280399999999999
94 542 0.44944
94 1066 0.41117
94 1380 0.40044
94 1463 0.65955
95 1104 0.44446
96 269 0.45532
96 342 0.46673
96 554 0.48725
96 708 0.4388
96 791 0.63045
96 1078 0.6128399999999999
96 1347 0.68282
96 1525 0.5767399999999999
97 188 0.42282
98 477 0.48187
98 940 0.44043
99 764 0.41447
100 1415 0.48503
100 1529 0.46304
101 654 0.50247
101 1117 0.44446
102 1384 0.42802
103 991 0.5282100000000001
103 1196 0.41144
103 1477 0.40709
104 308 0.40708
105 378 0.51466
105 820 0.46998
105 923 0.49318
106 278 0.59645
106 305 0.62008
106 688 0.5605899999999999
106 944 0.43829
106 1180 0.45113
106 1255 0.48011
106 1273 0.40709
107 112 0.5193300000000001
107 169 0.47465
107 285 0.45008
107 451 0.4692
107 485 0.49431
107 526 0.40709
107 789 0.52141
107 797 0.48183
107 817 0.46096
107 831 0.40753
107 873 0.4989
107 938 0.5234
107 1023 0.46184
107 1102 0.47262
107 1105 0.5101
107 1151 0.42073
107 1410 0.5593
108 1282 0.43852
109 141 0.41593
110 397 0.57439
110 555 0.5092899999999999
110 826 0.5272100000000001
110 990 0.43286
110 1130 0.4215100000000001
110 1276 0.44944
110 1338 0.44446
110 1371 0.4215100000000001
110 1396 0.45012
111 1449 0.40048
112 168 0.4371100000000001
112 285 0.54074
112 451 0.4326
112 485 0.47933
112 789 0.50044
112 873 0.52804
112 938 0.54973
112 1023 0.51627
112 1102 0.51471
112 1105 0.50516
112 1410 0.5112399999999999
113 501 0.44599
113 538 0.55942
113 955 0.46451
114 327 0.44208
114 695 0.42634
114 761 0.41529
114 1298 0.50138
115 169 0.4638
115 285 0.40013
115 451 0.44107
115 797 0.44946
115 817 0.56239
115 938 0.41444
115 1151 0.4066
115 1410 0.41051
116 245 0.4012
116 327 0.44944
116 356 0.5605899999999999
116 361 0.42458
116 695 0.49019
116 1233 0.40797
116 1250 0.4067
117 199 0.40941
117 293 0.42338
117 625 0.45824
117 838 0.6200899999999999
117 871 0.66704
117 931 0.4072
117 1057 0.40364
117 1088 0.50576
117 1326 0.52905
118 751 0.5143800000000001
118 1361 0.42349
119 177 0.57613
119 332 0.43216
119 444 0.55632
119 620 0.5822
119 651 0.47435
119 706 0.48108
119 718 0.46914
119 782 0.41293
119 981 0.44058
119 1318 0.45467
119 1441 0.43443
119 1464 0.41222
119 1521 0.43622
120 625 0.4275
121 1529 0.40125
122 424 0.59645
123 1067 0.41545
123 1505 0.48011
124 385 0.54118
124 592 0.60018
124 819 0.59219
124 872 0.54792
124 887 0.60982
124 897 0.58477
124 931 0.44223
124 951 0.65937
124 1088 0.43265
125 133 0.44208
125 224 0.5272100000000001
125 776 0.40602
127 476 0.43073
127 710 0.40674
128 188 0.40223
128 557 0.4442
128 1031 0.43622
128 1147 0.47065
129 550 0.47465
129 1128 0.40997
130 393 0.40834
130 1378 0.40216
131 284 0.4102
131 397 0.42634
131 555 0.40709
131 607 0.43286
131 826 0.47513
131 1130 0.41545
132 701 0.49439
133 359 0.44446
133 894 0.45012
134 922 0.5536300000000001
134 967 0.43412
135 175 0.45123
135 698 0.40504
135 1042 0.42472
135 1375 0.43921
136 870 0.4118
137 439 0.47263
137 900 0.43286
138 1381 0.4148
139 553 0.43917
139 1016 0.40862
140 460 0.5038699999999999
141 258 0.43266
141 307 0.45424
141 502 0.40179
141 572 0.44249
141 642 0.46948
141 656 0.54882
141 713 0.40044
141 747 0.42355
141 802 0.54996
141 832 0.49143
141 913 0.44524
141 1020 0.45343
141 1084 0.50222
141 1286 0.41567
141 1385 0.40022
141 1454 0.40731
142 173 0.4517
142 1325 0.635
143 486 0.48011
143 766 0.46305
143 1229 0.41545
144 1424 0.48011
145 454 0.4455
146 257 0.44901
146 1488 0.44944
147 659 0.43829
147 1437 0.48011
147 1456 0.40602
148 397 0.49019
148 412 0.52354
148 555 0.49019
148 723 0.43142
148 826 0.50655
148 861 0.50247
148 1130 0.44446
148 1246 0.52998
148 1409 0.49019
149 476 0.41594
149 569 0.41137
149 637 0.5334399999999999
149 651 0.41247
149 706 0.4390600000000001
149 760 0.5140100000000001
149 782 0.44086
149 830 0.47917
149 1318 0.43276
149 1391 0.46721
149 1441 0.44799999999999995
149 1498 0.41754
150 1275 0.4215100000000001
151 157 0.44446
151 204 0.5908399999999999
151 443 0.67211
151 739 0.5908399999999999
151 777 0.63849
151 804 0.45012
151 869 0.57055
151 1093 0.49019
151 1153 0.68877
151 1262 0.40709
151 1342 0.44208
151 1379 0.44446
151 1519 0.60237
152 158 0.45282
153 987 0.47529
153 1243 0.6646
153 1260 0.69738
153 1416 0.70662
153 1504 0.5937899999999999
153 1515 0.7328100000000001
154 345 0.41973
154 864 0.57331
154 1267 0.40233
155 174 0.43286
155 225 0.50576
155 977 0.49199
156 346 0.5486300000000001
156 596 0.57096
157 443 0.42685
159 1104 0.48011
160 302 0.44901
161 395 0.56893
162 1368 0.40873
163 397 0.48011
163 555 0.48011
163 826 0.45113
163 861 0.49019
163 990 0.50655
163 1130 0.45113
164 255 0.44944
165 651 0.42061
165 924 0.44813
166 1000 0.43384
167 666 0.44944
168 169 0.42361
168 285 0.43214
168 451 0.44428
168 789 0.42949
168 797 0.47938
168 817 0.41627
168 938 0.42216
168 1023 0.47326
168 1151 0.41952
169 285 0.41265
169 451 0.42426
169 485 0.45622
169 526 0.5092899999999999
169 587 0.41452
169 789 0.48759
169 797 0.66679
169 817 0.49369
169 831 0.4663100000000001
169 873 0.45793
169 1151 0.50805
169 1289 0.41789
169 1410 0.44574
170 373 0.63147
170 1363 0.5272100000000001
171 820 0.40795
171 923 0.43509
172 213 0.4597600000000001
172 306 0.4148
172 792 0.6221800000000001
172 1131 0.5368
172 1171 0.49019
173 1325 0.4304
174 225 0.59645
174 241 0.49019
174 380 0.51466
174 668 0.48011
174 707 0.49019
174 888 0.54069
174 977 0.49517
174 1458 0.54069
174 1470 0.47513
174 1514 0.45012
175 222 0.46503
175 238 0.4268
175 387 0.52855
175 1042 0.4951100000000001
175 1375 0.41917
176 397 0.48011
176 412 0.44208
176 458 0.40709
176 555 0.50655
176 826 0.44208
176 861 0.50247
176 978 0.5272100000000001
176 1276 0.50247
176 1409 0.63849
177 332 0.44788
177 444 0.58667
177 620 0.5140399999999999
177 651 0.40182
177 706 0.48311
177 782 0.40974
177 981 0.48348
177 1318 0.46094
177 1441 0.41669
177 1464 0.40353
178 206 0.40887
178 1069 0.4107
178 1378 0.47372
179 561 0.45012
179 725 0.45012
180 376 0.48202
180 563 0.53467
180 1197 0.66093
180 1339 0.4971100000000001
180 1366 0.48636
180 1509 0.4557100000000001
181 859 0.4298300000000001
182 567 0.43286
182 702 0.51742
182 1176 0.45113
182 1255 0.49019
182 1444 0.5272100000000001
183 312 0.43287
184 895 0.55625
185 232 0.47351
185 301 0.57031
185 331 0.66176
185 467 0.48964
185 1034 0.51222
185 1329 0.5401199999999999
187 692 0.44208
188 557 0.47077
188 1031 0.41604
188 1147 0.64002
189 646 0.44252
190 1033 0.47871
191 609 0.40189
191 617 0.40872
191 997 0.46947
191 1398 0.48088
192 573 0.50945
192 845 0.43286
192 1232 0.4824100000000001
193 642 0.40237
193 1402 0.42086
194 1161 0.45113
194 1449 0.43286
195 197 0.40141
196 336 0.4027
198 635 0.4466600000000001
198 1077 0.40299
198 1306 0.43691
199 838 0.43534
199 871 0.40241
199 1088 0.55028
200 705 0.40341
200 1083 0.44642
201 954 0.45113
201 1081 0.43829
202 908 0.44201
203 392 0.45542
203 654 0.44208
203 1274 0.44901
204 443 0.46259
204 739 0.51558
204 777 0.43973
204 869 0.45119
204 1093 0.43441
204 1153 0.45905
204 1519 0.41327
205 692 0.43829
206 298 0.43828
206 404 0.40516
206 597 0.4584
206 732 0.40347
206 1378 0.56361
206 1398 0.40523
207 1104 0.45012
208 1108 0.44182
209 256 0.44402
210 347 0.48011
211 1314 0.44098
212 1251 0.46918
213 792 0.5687
213 1131 0.76199
213 1171 0.5605899999999999
214 1381 0.42824
215 425 0.45084
215 478 0.45246
215 996 0.43067
215 1173 0.44249
216 1211 0.58029
217 539 0.46019
217 1005 0.45497
217 1146 0.50013
218 807 0.40908
219 472 0.43531
220 722 0.45402
220 1380 0.45017
221 365 0.44446
221 803 0.5529999999999999
221 997 0.41311
221 1100 0.5663100000000001
221 1398 0.4414
221 1496 0.44255
221 1536 0.41702
222 238 0.46133
222 387 0.57892
222 1042 0.551
223 248 0.5605899999999999
223 641 0.50247
223 671 0.57055
223 1261 0.40709
224 894 0.45012
225 241 0.76337
225 319 0.40602
225 380 0.5272100000000001
225 415 0.43829
225 566 0.42634
225 622 0.45113
225 668 0.57055
225 707 0.63147
225 888 0.60237
225 977 0.73927
225 1103 0.5272100000000001
225 1245 0.43286
225 1435 0.4148
225 1458 0.73927
226 1155 0.40709
226 1277 0.48011
227 390 0.57439
227 796 0.49019
228 1244 0.44197
229 949 0.40208
230 438 0.48011
230 525 0.49019
230 674 0.44208
230 840 0.44208
230 1445 0.49019
231 630 0.51075
232 301 0.43352
232 331 0.55493
232 432 0.4392
232 433 0.47162
232 467 0.53093
232 909 0.51785
232 1329 0.54678
233 1012 0.40643
235 1326 0.40726
236 327 0.44944
237 1546 0.41545
238 387 0.41039
238 1042 0.44575
239 1246 0.41076
240 397 0.45113
240 412 0.40709
240 555 0.45113
240 826 0.5272100000000001
240 990 0.40709
240 1013 0.45012
240 1130 0.44944
240 1372 0.41545
240 1409 0.44208
241 380 0.52608
241 724 0.41545
241 888 0.45011
241 1458 0.5562699999999999
241 1514 0.40709
242 327 0.67211
242 341 0.52431
242 356 0.45113
242 363 0.4127
242 695 0.5908399999999999
242 743 0.47014
242 809 0.44208
242 953 0.43243
242 1092 0.42183
242 1511 0.68877
243 714 0.42031
244 393 0.50147
244 483 0.6459199999999999
244 484 0.4475
244 1378 0.40036
245 281 0.4135
245 327 0.48011
245 361 0.48767
245 449 0.42918
245 740 0.40019
245 795 0.50758
245 1433 0.42005
245 1474 0.46185
245 1511 0.50576
245 1518 0.41936
246 1533 0.57299
247 259 0.42654
247 598 0.53186
247 931 0.50459
247 1413 0.4107
248 252 0.44944
248 353 0.49019
248 493 0.59645
248 1335 0.67211
249 1091 0.41545
250 847 0.43507
251 1203 0.59511
252 641 0.44901
252 671 0.48011
253 914 0.50918
253 1532 0.43347
254 1236 0.40751
255 469 0.49019
257 287 0.45012
257 590 0.40709
258 1128 0.4116
259 345 0.52074
259 440 0.4898
259 460 0.54383
259 625 0.47979
259 931 0.54771
259 1038 0.42199
259 1122 0.44819
259 1413 0.6479699999999999
260 606 0.51469
260 829 0.41037
261 555 0.48011
261 861 0.44901
261 1211 0.45946
262 642 0.40177
263 861 0.44901
263 978 0.43286
264 1462 0.48663
265 528 0.50247
265 1182 0.43829
266 763 0.54567
266 835 0.44947
266 1427 0.4462100000000001
267 397 0.45012
267 412 0.4148
267 555 0.40709
267 723 0.4366600000000001
267 826 0.58618
267 1013 0.44208
267 1130 0.49019
267 1246 0.5679
267 1396 0.40709
268 475 0.52354
269 342 0.63966
269 791 0.49949
269 1078 0.4077
269 1347 0.5315
269 1525 0.47114
270 397 0.5272100000000001
270 412 0.49019
270 555 0.49019
270 723 0.42393
270 826 0.63147
270 990 0.48011
270 1013 0.45113
270 1130 0.5092899999999999
270 1246 0.57311
270 1396 0.48011
270 1409 0.43286
271 903 0.40491
272 477 0.46129
272 823 0.48613
272 1422 0.51742
273 1008 0.52568
274 356 0.4102
274 1175 0.41251
275 884 0.57055
276 1367 0.44381
277 1368 0.4101
278 305 0.68877
278 619 0.46305
278 688 0.5908399999999999
278 944 0.57055
278 1255 0.45113
278 1273 0.45012
278 1301 0.4102
279 876 0.44841
280 670 0.4844100000000001
280 1022 0.4217
280 1370 0.49836
281 961 0.40562
281 1518 0.41301
282 327 0.45113
282 356 0.47513
282 369 0.40035
282 695 0.50247
282 1494 0.45542
282 1511 0.44446
283 1030 0.46929
284 397 0.63147
284 412 0.49019
284 555 0.59645
284 604 0.42824
284 723 0.4148
284 752 0.45012
284 826 0.5272100000000001
284 861 0.48011
284 990 0.48011
284 1130 0.44944
284 1246 0.50247
284 1276 0.5272100000000001
284 1409 0.43286
285 348 0.41457
285 451 0.5435300000000001
285 485 0.51265
285 789 0.59939
285 817 0.40273
285 873 0.53208
285 938 0.49663
285 1023 0.49359
285 1102 0.48787
285 1105 0.49441
285 1410 0.51969
287 1488 0.4148
288 456 0.51973
288 842 0.57436
288 1491 0.4215600000000001
289 387 0.47003
289 430 0.43104
290 982 0.52849
290 1066 0.5064
290 1253 0.57926
291 469 0.48011
291 529 0.49019
291 1067 0.5272100000000001
291 1099 0.4148
292 533 0.58862
292 1017 0.41042
292 1341 0.48593
293 387 0.44896
293 839 0.4666
293 1057 0.49791
293 1184 0.47616
293 1326 0.43972
294 314 0.5272100000000001
294 1158 0.5272100000000001
295 926 0.40375
296 1309 0.4839100000000001
296 1348 0.51327
296 1407 0.43127
297 695 0.40709
298 404 0.49436
298 732 0.52105
298 945 0.4895600000000001
298 1378 0.42338
299 314 0.4148
299 372 0.65959
299 536 0.49019
299 605 0.47513
299 934 0.73927
299 983 0.63849
299 992 0.67211
299 1082 0.51742
299 1143 0.48011
299 1158 0.45113
299 1353 0.5605899999999999
299 1421 0.58618
299 1439 0.49019
299 1453 0.48011
299 1495 0.43829
300 1075 0.42634
300 1279 0.40693
300 1552 0.4215100000000001
301 331 0.54301
301 467 0.42686
301 909 0.42361
301 1034 0.41465
301 1329 0.42679
302 518 0.43207
302 551 0.40386
302 569 0.42061
302 620 0.45692
302 651 0.4858
302 706 0.46725
302 710 0.40442
302 718 0.4230600000000001
302 730 0.40212
302 782 0.4646
302 1073 0.47201
302 1221 0.41582
302 1318 0.44741
302 1441 0.50516
302 1543 0.43768
304 1104 0.4148
305 688 0.57439
306 900 0.42634
306 988 0.45012
306 1355 0.40709
306 1549 0.47513
307 464 0.4673600000000001
307 572 0.40475
307 656 0.44594
308 685 0.40106
309 1297 0.40602
310 1526 0.43679
311 1104 0.41802
313 349 0.5552199999999999
313 387 0.50797
313 420 0.41545
313 546 0.53961
313 808 0.55237
313 1009 0.47772
313 1096 0.47387
313 1375 0.44446
313 1408 0.47387
313 1480 0.43433
314 934 0.42634
314 983 0.44944
314 1404 0.40005
315 479 0.44208
316 422 0.63302
316 644 0.62768
316 755 0.43893
316 787 0.52698
316 893 0.60133
316 1142 0.47132
316 1230 0.59386
316 1346 0.5958
317 514 0.45788
317 1414 0.49121
318 320 0.54196
318 339 0.53308
318 436 0.58704
318 462 0.55829
318 1109 0.58308
318 1137 0.55575
318 1249 0.48835
318 1455 0.54315
319 358 0.44208
319 809 0.50576
319 1467 0.4926100000000001
320 339 0.64051
320 436 0.69086
320 462 0.6521100000000001
320 1109 0.6149
320 1137 0.5756600000000001
320 1249 0.57649
320 1283 0.4107
320 1455 0.71214
321 1446 0.44427
322 1489 0.41455
323 423 0.54907
323 542 0.47343
323 1201 0.42061
323 1463 0.607
324 597 0.49489
324 1378 0.41459
325 415 0.45012
326 441 0.62753
327 341 0.63147
327 344 0.45113
327 352 0.45113
327 356 0.44208
327 363 0.44208
327 369 0.5605899999999999
327 403 0.58618
327 431 0.43286
327 648 0.45113
327 693 0.48011
327 695 0.59645
327 740 0.42824
327 743 0.67211
327 809 0.40602
327 834 0.40709
327 892 0.58618
327 953 0.5272100000000001
327 1044 0.43829
327 1076 0.50247
327 1092 0.5908399999999999
327 1175 0.43829
327 1214 0.59645
327 1233 0.45542
327 1250 0.42824
327 1365 0.50576
327 1371 0.45542
327 1401 0.48011
327 1433 0.44901
327 1467 0.4102
327 1469 0.49019
327 1474 0.60237
327 1511 0.63147
327 1518 0.48011
327 1523 0.49019
329 883 0.40498
330 647 0.42271
330 1357 0.4850600000000001
331 432 0.41617
331 467 0.5464600000000001
331 909 0.45977
331 1034 0.48779
331 1329 0.6008
332 651 0.40692
332 694 0.4336600000000001
332 706 0.53579
332 718 0.4149
332 730 0.46928
332 782 0.5082800000000001
332 924 0.4461100000000001
332 1126 0.4825100000000001
332 1318 0.50488
332 1464 0.65127
333 382 0.45873
333 1205 0.44289
334 800 0.44208
335 891 0.48952
336 450 0.47579
336 540 0.44228
337 1388 0.4255600000000001
338 695 0.4102
338 809 0.48011
339 436 0.7125199999999999
339 462 0.65625
339 1109 0.6362899999999999
339 1137 0.55894
339 1249 0.5692
339 1455 0.65295
340 1119 0.45113
341 363 0.43519
341 695 0.5908399999999999
341 743 0.55332
341 1092 0.45478
341 1287 0.4269
341 1511 0.59302
342 791 0.46051
342 1078 0.40877
342 1347 0.51032
342 1525 0.5008199999999999
343 790 0.40888
344 695 0.48612
344 1044 0.43781
344 1511 0.41545
345 864 0.4298300000000001
345 1267 0.43957
345 1413 0.57187
346 527 0.41075
346 533 0.44208
346 596 0.5889800000000001
347 392 0.41802
347 474 0.59645
347 547 0.47513
347 654 0.50576
347 1113 0.45113
347 1351 0.49019
348 405 0.49048
348 485 0.40411
348 873 0.51822
348 1102 0.42398
349 546 0.64494
349 808 0.63873
349 844 0.45153
349 885 0.48278
349 1096 0.50779
350 574 0.48011
350 663 0.42824
350 1316 0.44901
350 1494 0.45113
351 633 0.4215100000000001
351 1465 0.44208
352 356 0.48612
352 1233 0.40754
352 1511 0.44208
354 1383 0.76937
355 1138 0.42261
356 369 0.50247
356 403 0.42824
356 431 0.40709
356 618 0.45113
356 693 0.40709
356 695 0.40602
356 743 0.44208
356 1175 0.44944
356 1233 0.50576
356 1250 0.5605899999999999
356 1401 0.4215100000000001
356 1474 0.45012
356 1511 0.45113
356 1518 0.41545
357 503 0.42371
357 557 0.49287
357 1147 0.49079
358 369 0.48011
358 380 0.43829
358 431 0.44446
358 640 0.50576
358 809 0.4102
358 1175 0.45012
358 1435 0.45113
358 1467 0.45113
358 1494 0.44446
359 776 0.49019
360 369 0.44446
360 618 0.50247
360 1316 0.40709
361 369 0.41100000000000003
361 449 0.43748
361 740 0.43573
361 892 0.4063
361 907 0.50693
361 1181 0.42649
361 1250 0.42858
361 1429 0.433
361 1452 0.49796
361 1518 0.46923
362 557 0.58416
362 1147 0.5455300000000001
363 695 0.50247
363 1511 0.48011
364 1490 0.42634
365 393 0.40709
365 404 0.4084
365 488 0.47387
365 609 0.4215100000000001
365 803 0.49143
365 865 0.43286
365 997 0.40602
365 1398 0.45012
366 450 0.4329
366 512 0.47583
367 388 0.55676
367 838 0.42886
367 931 0.46609
367 1038 0.62563
367 1491 0.46449
368 973 0.58862
368 1377 0.5908399999999999
369 403 0.42424
369 695 0.50247
369 809 0.41545
369 892 0.41215
369 1494 0.43286
369 1511 0.50576
370 1358 0.41606
371 784 0.48132
372 605 0.44944
372 934 0.67211
372 983 0.63147
372 992 0.73697
375 601 0.4215100000000001
376 563 0.43836
376 1197 0.48964
376 1339 0.5201399999999999
376 1366 0.40561
376 1509 0.45011
377 1541 0.45653
378 677 0.4102
378 820 0.57439
378 968 0.48011
379 668 0.40313
380 640 0.50247
380 724 0.44208
380 809 0.50247
380 1298 0.47763
380 1458 0.5071899999999999
380 1514 0.5605899999999999
381 634 0.4017
382 1205 0.40285
383 700 0.45805
383 737 0.40521
384 843 0.49482
385 592 0.5292
385 819 0.53397
385 872 0.51649
385 887 0.5303399999999999
385 897 0.55073
385 951 0.53497
386 1059 0.43700000000000006
387 430 0.60885
387 480 0.43433
387 742 0.50797
387 748 0.45227
387 850 0.47774
387 862 0.45623
387 866 0.57825
387 970 0.53371
387 1009 0.41203
387 1042 0.55028
387 1057 0.42841
387 1184 0.44041
387 1265 0.52032
387 1308 0.46963
387 1375 0.81594
387 1480 0.60647
387 1540 0.52622
388 1038 0.47373
389 414 0.57104
389 537 0.48931
389 589 0.4856
390 796 0.50247
390 946 0.44208
390 980 0.4148
390 1552 0.40709
391 613 0.43523
391 923 0.4004
391 988 0.4157
392 547 0.5272100000000001
393 396 0.5145
393 483 0.5115
393 484 0.46529
393 488 0.41304
393 769 0.55028
393 1125 0.40602
393 1132 0.46203
393 1378 0.47407
393 1398 0.42998
394 1166 0.44944
396 483 0.40916
396 484 0.40584
396 769 0.51532
396 1125 0.47772
396 1132 0.41513
397 412 0.48011
397 498 0.44944
397 534 0.50576
397 555 0.73697
397 723 0.4215100000000001
397 752 0.50247
397 826 0.63147
397 857 0.40709
397 861 0.46712
397 990 0.43829
397 1013 0.41802
397 1086 0.5908399999999999
397 1130 0.47513
397 1246 0.50247
397 1276 0.5272100000000001
397 1300 0.45113
397 1310 0.5272100000000001
397 1343 0.45012
397 1389 0.5272100000000001
397 1396 0.45012
397 1409 0.44446
397 1513 0.50247
397 1545 0.4215100000000001
397 1550 0.41545
398 1336 0.50247
399 727 0.44208
400 875 0.42795
401 437 0.5272100000000001
401 1015 0.43829
401 1528 0.49019
401 1531 0.43286
402 933 0.4858
403 695 0.59645
403 743 0.40347
403 809 0.48011
403 892 0.46788
403 1474 0.4461100000000001
403 1511 0.57055
404 495 0.44472
404 728 0.4945100000000001
404 732 0.53694
404 945 0.5057
404 1378 0.45422
405 485 0.41704
405 873 0.48848
405 938 0.40127
405 1102 0.4124600000000001
406 772 0.43964
406 1231 0.44777
407 421 0.46517
408 1116 0.41512
409 717 0.45144
410 533 0.43286
410 880 0.56745
412 498 0.4215100000000001
412 534 0.45113
412 555 0.45113
412 752 0.44446
412 826 0.44446
412 1013 0.42824
412 1086 0.57439
412 1246 0.45113
412 1276 0.45012
412 1409 0.4102
412 1513 0.44208
412 1545 0.44944
413 1359 0.4180100000000001
413 1382 0.51585
414 537 0.48569
415 724 0.50576
416 1218 0.40484
417 844 0.41703
419 1290 0.4886
420 825 0.45204
420 1217 0.50732
421 918 0.40717
422 644 0.61519
422 755 0.45496
422 787 0.53623
422 893 0.53999
422 1142 0.43293
422 1346 0.57489
423 542 0.48536
423 722 0.42948
423 1201 0.47772
423 1463 0.57692
423 1553 0.40111
424 1299 0.5092899999999999
425 478 0.46734
425 996 0.50074
425 1173 0.47531
426 583 0.5375300000000001
427 809 0.44446
428 1257 0.46346
429 1050 0.82245
429 1311 0.6097
430 546 0.41858
430 698 0.48787
430 808 0.41356
430 970 0.45911
430 1009 0.45377
430 1127 0.40468
430 1265 0.40709
430 1375 0.4879
430 1392 0.40219
430 1408 0.5188
431 695 0.45113
431 809 0.40709
432 765 0.40455
432 1329 0.40247
433 909 0.44581
433 1329 0.43308
434 925 0.44944
435 986 0.54581
436 462 0.69153
436 1109 0.7694300000000001
436 1137 0.62976
436 1249 0.62834
436 1283 0.43862
436 1455 0.68758
437 1528 0.42824
438 525 0.48011
438 958 0.49019
439 549 0.45113
439 806 0.43286
439 900 0.63849
439 1355 0.45113
439 1393 0.44208
441 956 0.50941
442 1213 0.42368
443 739 0.48664
443 777 0.5105
443 869 0.44234
443 1153 0.57581
443 1262 0.45113
443 1379 0.40453
443 1519 0.49273
444 620 0.55994
444 651 0.48748
444 706 0.48333
444 782 0.41716
444 981 0.51659
444 1221 0.41575
444 1318 0.46443
444 1441 0.41278
445 983 0.40048
446 1211 0.4507
447 594 0.44208
448 1074 0.40274
448 1400 0.5394
448 1530 0.57102
449 1181 0.48443
449 1433 0.42842
450 512 0.41729
450 540 0.48342
451 485 0.45087
451 789 0.52641
451 817 0.4869
451 873 0.46096
451 1023 0.44695
451 1410 0.55176
452 477 0.5313100000000001
452 823 0.4385
452 940 0.49825
452 1272 0.41802
453 1524 0.5908399999999999
454 736 0.40467
455 459 0.43376
456 558 0.42355
456 792 0.40494
456 842 0.6201300000000001
456 1038 0.44272
456 1491 0.44793
457 1021 0.43829
457 1338 0.44944
458 498 0.40602
458 775 0.50378
458 1343 0.42517
461 632 0.41235
462 1109 0.63436
462 1137 0.58553
462 1249 0.54414
462 1283 0.4194
462 1455 0.6532100000000001
463 826 0.44208
464 1252 0.57414
464 1402 0.41942
465 543 0.61995
465 552 0.45372
465 814 0.63283
465 1177 0.48885
465 1440 0.60287
466 530 0.54505
467 909 0.41711
467 1329 0.4867
468 528 0.45012
469 470 0.45012
469 578 0.48011
469 1320 0.4215100000000001
470 529 0.41802
470 1067 0.45113
470 1099 0.4215100000000001
471 706 0.42366
471 782 0.4005
471 1318 0.43992
472 1426 0.41703
473 691 0.44446
473 1047 0.40709
473 1204 0.47513
474 654 0.59645
474 1117 0.49019
474 1274 0.45113
474 1351 0.44208
476 518 0.44386
476 551 0.40278
476 569 0.41135
476 620 0.43254
476 651 0.43698
476 706 0.54286
476 710 0.44138
476 718 0.40564
476 782 0.53433
476 1032 0.46452
476 1221 0.46756
476 1318 0.5263100000000001
476 1441 0.4202
477 823 0.59432
477 940 0.5814600000000001
477 1422 0.49019
478 996 0.469
478 1173 0.6944600000000001
480 970 0.4220100000000001
480 1265 0.44944
481 559 0.48661
481 812 0.47153
482 588 0.5001
482 906 0.43209
482 1394 0.44208
483 484 0.51352
483 1378 0.40156
484 879 0.42552
484 1132 0.40538
484 1378 0.41528
485 789 0.5203300000000001
485 797 0.40309
485 817 0.40226
485 873 0.50468
485 938 0.45141
485 1023 0.44899
485 1102 0.48691
485 1105 0.4552100000000001
485 1410 0.51737
486 1449 0.44208
488 609 0.41772
488 617 0.43327
488 865 0.52622
488 997 0.4966
488 1100 0.42134
488 1398 0.5695600000000001
489 600 0.45012
490 1259 0.5020899999999999
491 559 0.4114100000000001
491 1468 0.45584
492 1510 0.42507
493 641 0.63849
493 671 0.67211
493 712 0.42824
493 1350 0.41802
494 680 0.40358
495 1148 0.4084
495 1378 0.4102
496 980 0.44208
496 1152 0.48011
496 1473 0.44208
497 1246 0.5284300000000001
498 555 0.45113
498 861 0.45012
498 978 0.54069
498 1013 0.47513
498 1276 0.44944
498 1409 0.54069
499 1477 0.50576
499 1485 0.42427
500 508 0.42979
500 1080 0.45675
500 1225 0.50235
500 1257 0.55248
500 1286 0.4663
500 1317 0.41228
500 1374 0.43121
500 1454 0.42304
501 538 0.4229600000000001
501 955 0.53525
501 1501 0.46916
502 522 0.40908
502 642 0.49408
502 656 0.50367
502 913 0.56074
502 1084 0.48894
503 1147 0.40493
504 553 0.42586
504 905 0.46819
505 845 0.44208
505 1226 0.43829
505 1320 0.45113
506 703 0.4422
507 646 0.47187
507 1221 0.40916
508 1286 0.43116
509 1190 0.40564
510 1135 0.41502
511 532 0.61788
511 556 0.53505
511 563 0.4315
511 964 0.41579
511 1197 0.4955
511 1366 0.45367
513 621 0.46124
514 899 0.44446
515 593 0.43829
515 1120 0.45012
516 1162 0.41802
517 865 0.41321
518 569 0.46172
518 651 0.45053
518 1222 0.43489
519 752 0.42517
519 1246 0.45113
520 713 0.4679
520 999 0.49016
521 734 0.4169
522 642 0.45336
522 656 0.44669
522 913 0.43004
522 1084 0.44997
522 1218 0.43664
523 1007 0.41059
524 783 0.44208
525 674 0.43286
525 840 0.5272100000000001
525 939 0.57439
525 1445 0.41802
526 817 0.43829
526 1151 0.48011
526 1294 0.5272100000000001
526 1410 0.40602
527 533 0.45113
527 596 0.41984
527 1014 0.46779
528 1027 0.45542
528 1479 0.40602
529 1315 0.43829
531 759 0.4380600000000001
531 1333 0.40248
532 556 0.50276
532 919 0.44944
532 964 0.56743
532 1197 0.44473
532 1366 0.4505
533 596 0.44446
533 788 0.48011
533 880 0.44446
533 1014 0.45113
533 1017 0.42517
533 1280 0.47513
533 1341 0.73697
534 555 0.45542
534 723 0.40448
534 826 0.5272100000000001
534 1013 0.43286
534 1130 0.45113
534 1246 0.5227
534 1409 0.44208
535 666 0.45113
536 934 0.51742
536 983 0.5272100000000001
536 992 0.57055
537 589 0.48131
538 955 0.47416
538 1501 0.41149
539 1005 0.4839
539 1146 0.54459
541 767 0.7802399999999999
542 1463 0.46995
543 552 0.44608
543 814 0.57017
543 1440 0.55111
544 1085 0.40394
545 851 0.44208
545 1345 0.41769
546 808 0.6280899999999999
546 844 0.45019
546 885 0.48647
546 1096 0.5158
547 1113 0.40709
547 1274 0.45113
547 1351 0.45012
548 662 0.42067
548 758 0.41926
548 794 0.46329
548 858 0.43286
549 900 0.48011
550 642 0.4035
550 1115 0.41122
550 1128 0.40973
550 1218 0.46495
550 1290 0.53435
552 814 0.45625
552 1440 0.54384
553 1016 0.41373
554 791 0.43234
554 1078 0.43186
554 1347 0.44653
554 1525 0.44889
555 604 0.45542
555 752 0.40602
555 775 0.44944
555 826 0.63849
555 857 0.4215100000000001
555 861 0.50655
555 978 0.49019
555 1086 0.5605899999999999
555 1130 0.45113
555 1246 0.44944
555 1276 0.50576
555 1300 0.45012
555 1310 0.57439
555 1343 0.5605899999999999
555 1389 0.5605899999999999
555 1396 0.45113
555 1409 0.44446
555 1513 0.44446
555 1545 0.44208
555 1550 0.4215100000000001
556 964 0.45069
557 612 0.43016
557 762 0.40367
557 1031 0.54063
557 1147 0.43097
557 1418 0.4486600000000001
558 832 0.44088
558 842 0.40475
559 812 0.43552
561 681 0.45113
561 725 0.43286
561 1165 0.44446
562 1174 0.50247
563 1197 0.58499
563 1339 0.50113
563 1366 0.57426
563 1509 0.49053
565 901 0.47453
565 928 0.48949
567 1444 0.59302
568 888 0.43829
569 620 0.45411
569 651 0.45162
569 706 0.48313
569 718 0.50979
569 782 0.4895600000000001
569 1032 0.4793
569 1073 0.46616
569 1221 0.53664
569 1318 0.48076
569 1441 0.43054
569 1543 0.41406
570 733 0.4129600000000001
571 601 0.5092899999999999
572 747 0.5513100000000001
572 802 0.42897
572 832 0.4148
572 1257 0.49235
572 1317 0.44844
572 1454 0.4142
575 1156 0.5080899999999999
576 697 0.4621
576 1544 0.43286
577 581 0.4174600000000001
578 1099 0.44208
579 781 0.45113
580 943 0.45974
582 863 0.40069
584 1383 0.49489
585 816 0.40709
586 914 0.46929
587 797 0.41227
587 1151 0.44723
590 1488 0.42634
591 1139 0.4838
592 819 0.57281
592 872 0.5653199999999999
592 887 0.56181
592 897 0.57516
592 951 0.55866
595 768 0.47052
595 904 0.541
595 1502 0.4331
596 1014 0.40257
597 1069 0.42948
598 625 0.53606
598 931 0.50354
598 1038 0.48734
598 1057 0.40076
598 1122 0.41811
599 709 0.48011
600 661 0.5908399999999999
601 1527 0.50655
602 1242 0.45696
603 911 0.5183300000000001
604 861 0.48011
604 1343 0.43286
605 983 0.49019
605 1143 0.49019
605 1353 0.48011
605 1390 0.44944
605 1453 0.41802
606 829 0.68912
607 1246 0.48011
608 1381 0.43286
609 803 0.47597
609 868 0.43955
609 997 0.48148
609 1100 0.41382
609 1398 0.5058699999999999
610 1142 0.40497
611 684 0.4102
612 1147 0.50167
613 988 0.48424
613 1002 0.43317
614 858 0.44944
615 654 0.43286
615 783 0.45012
616 619 0.51742
616 1301 0.44446
617 868 0.52354
617 997 0.5007699999999999
617 1398 0.50058
618 1477 0.49019
618 1485 0.40775
620 651 0.5505399999999999
620 706 0.45852
620 760 0.42431
620 782 0.46443
620 874 0.41993
620 924 0.41645
620 981 0.50124
620 1221 0.42579
620 1222 0.40951
620 1318 0.43807
620 1441 0.41989
620 1521 0.4366
620 1543 0.4236
622 809 0.44446
623 1064 0.51264
623 1448 0.5983
624 1503 0.44989
625 665 0.45012
625 838 0.46948
625 871 0.41663
625 931 0.54459
625 1038 0.49591
625 1122 0.4608600000000001
626 801 0.67211
627 899 0.52354
629 1534 0.47907
630 778 0.42879
630 1164 0.44033
631 1084 0.40517
633 1104 0.43286
633 1381 0.4148
634 1200 0.54481
635 1077 0.47904
635 1248 0.43574
635 1306 0.6028600000000001
637 651 0.41266
637 760 0.5986199999999999
637 830 0.47773
637 1391 0.40106
637 1441 0.40351
638 1381 0.45113
639 1189 0.56408
640 1354 0.44446
640 1435 0.45012
640 1458 0.50576
640 1514 0.44208
641 1335 0.5272100000000001
642 650 0.40217
642 656 0.4975600000000001
642 802 0.40894
642 832 0.5272100000000001
642 913 0.58117
642 1084 0.50376
642 1218 0.4638600000000001
642 1290 0.4462
643 1104 0.44208
644 755 0.44197
644 787 0.48049
644 893 0.58996
644 992 0.4215100000000001
644 1114 0.40081
644 1230 0.6093
644 1346 0.59478
646 1220 0.41948
646 1362 0.44135
647 1357 0.42305
648 695 0.47513
648 1511 0.4930100000000001
649 1368 0.4537
650 832 0.41802
651 706 0.5446
651 718 0.47003
651 730 0.43358
651 760 0.45618
651 782 0.5228
651 924 0.4159100000000001
651 981 0.42824
651 989 0.4022
651 1073 0.4031
651 1221 0.57658
651 1222 0.45708
651 1318 0.5122899999999999
651 1441 0.51884
652 1070 0.43829
652 1237 0.43286
653 1257 0.46911
654 783 0.45012
654 1001 0.43829
654 1117 0.44944
654 1351 0.44944
655 1147 0.40448
656 802 0.43743
656 832 0.50247
656 913 0.5326
656 1084 0.708
656 1218 0.44675
657 809 0.4215100000000001
658 982 0.58862
658 1066 0.5583899999999999
662 1376 0.54567
664 1443 0.47167
665 931 0.48132
665 951 0.40349
665 1038 0.45113
665 1089 0.4031
665 1122 0.46374
666 722 0.44208
666 867 0.45113
666 930 0.44446
667 749 0.5613199999999999
668 719 0.40355
668 888 0.40941
668 1467 0.40231
670 1022 0.4295600000000001
670 1370 0.63466
671 1335 0.58618
672 1079 0.45012
673 715 0.50247
673 900 0.48011
673 1027 0.45012
673 1479 0.5272100000000001
674 939 0.42037
675 741 0.44901
675 934 0.40709
676 1263 0.45403
678 731 0.42824
678 1016 0.40602
678 1210 0.4215100000000001
678 1238 0.43286
679 1202 0.5173800000000001
680 1322 0.4406600000000001
680 1369 0.50011
681 725 0.44944
682 698 0.40079
682 846 0.40829
682 1326 0.45673
682 1375 0.61334
682 1480 0.66833
683 878 0.5078199999999999
684 855 0.45113
686 1381 0.44901
687 1337 0.42148
688 944 0.48011
688 1255 0.44944
689 1054 0.41011
690 967 0.43245
692 1165 0.45012
693 695 0.41802
693 1511 0.49019
694 706 0.51395
694 718 0.40146
694 730 0.65213
694 782 0.5043
694 924 0.68999
694 1318 0.47992
694 1464 0.40696
694 1521 0.41965
695 743 0.65959
695 809 0.44446
695 892 0.48011
695 953 0.45113
695 963 0.43829
695 1076 0.49019
695 1092 0.5092899999999999
695 1175 0.48011
695 1214 0.68877
695 1233 0.48011
695 1321 0.41802
695 1365 0.50247
695 1401 0.41802
695 1433 0.40709
695 1467 0.41802
695 1469 0.43829
695 1474 0.58618
695 1511 0.5272100000000001
695 1523 0.50247
696 1003 0.4411
697 1167 0.45443
697 1199 0.42193
697 1313 0.40091
698 1009 0.40438
698 1375 0.41166
698 1419 0.5437
699 1047 0.4215100000000001
700 737 0.49552
702 1176 0.45012
702 1255 0.48011
702 1444 0.50247
704 1548 0.48011
706 718 0.48703
706 730 0.54848
706 760 0.45153
706 782 0.80129
706 902 0.4251
706 924 0.55991
706 981 0.44437
706 1221 0.54175
706 1318 0.81822
706 1362 0.43896
706 1391 0.44462
706 1441 0.46466
706 1464 0.51832
706 1499 0.42061
706 1521 0.401
706 1543 0.43972
707 977 0.43159
708 791 0.41613
708 1420 0.6147100000000001
710 782 0.40699
710 1318 0.41085
711 1191 0.4768
712 1335 0.43829
713 999 0.42822
714 1544 0.42244
715 900 0.43286
715 1043 0.50655
715 1182 0.45113
716 1451 0.56279
718 730 0.44532
718 782 0.49399
718 924 0.50049
718 1220 0.43655
718 1222 0.44472
718 1318 0.4802300000000001
718 1362 0.47848
718 1391 0.40275
719 809 0.44208
720 1152 0.43286
721 1063 0.4215100000000001
721 1136 0.4148
722 1304 0.48667
722 1380 0.4248
723 826 0.45012
723 1086 0.48522
723 1246 0.48684
723 1310 0.43286
724 888 0.40709
724 977 0.5092899999999999
724 1435 0.48011
724 1514 0.5605899999999999
725 1165 0.45113
726 1104 0.44208
727 1053 0.4148
728 732 0.43836
728 945 0.59409
729 883 0.5318
730 782 0.5474399999999999
730 924 0.70678
730 1318 0.5263
730 1464 0.44181
730 1499 0.4098100000000001
730 1521 0.42104
732 945 0.54624
735 1310 0.4148
738 779 0.51426
738 1499 0.5067699999999999
738 1521 0.4553
739 777 0.4701
739 869 0.44872
739 1153 0.47794
739 1262 0.50576
740 907 0.43123
740 1181 0.52174
740 1474 0.42229
740 1511 0.4215100000000001
740 1518 0.42437
742 846 0.44317
742 1308 0.43621
742 1375 0.41813
742 1480 0.40864
743 809 0.45113
743 1511 0.59645
744 1461 0.43189
745 1101 0.40602
746 1055 0.42634
747 802 0.42393
747 1317 0.40777
747 1402 0.40466
750 1158 0.40709
751 1361 0.4648100000000001
752 826 0.5272100000000001
752 1130 0.47513
752 1310 0.44901
752 1482 0.43808
753 937 0.4215100000000001
754 1051 0.47433
755 893 0.42022
755 1142 0.53351
755 1230 0.41958
755 1346 0.4439
755 1547 0.5607300000000001
756 1147 0.41753
757 1212 0.43983
758 794 0.40704
758 858 0.41802
760 782 0.43504
760 830 0.47621
760 1073 0.46963
760 1154 0.483
760 1391 0.48268
760 1441 0.53885
760 1543 0.40381
761 1298 0.611
762 1147 0.51337
763 835 0.4232
763 1427 0.4108100000000001
765 909 0.48619
765 1329 0.49783
766 1229 0.43829
766 1431 0.43829
769 1125 0.43492
770 935 0.54419
770 1490 0.52913
771 821 0.46793
771 824 0.43483
771 883 0.4608100000000001
771 1071 0.48309
771 1539 0.50175
772 1231 0.49223
773 1240 0.40626
774 1061 0.40148
774 1194 0.40504
775 861 0.44208
775 978 0.4325600000000001
776 894 0.44446
777 1519 0.42366
778 1164 0.44974
779 1499 0.46358
782 902 0.40488
782 924 0.53241
782 981 0.41861
782 1221 0.5605399999999999
782 1318 0.80086
782 1362 0.43275
782 1391 0.43904
782 1441 0.47101
782 1464 0.51225
783 1551 0.44208
785 959 0.42585
785 1032 0.44469
785 1159 0.49546
785 1208 0.4778
786 1166 0.45113
787 893 0.51372
787 1142 0.4233
787 1230 0.50746
787 1346 0.51046
789 797 0.42461
789 817 0.41308
789 873 0.5432899999999999
789 938 0.44152
789 1023 0.42745
789 1102 0.46197
789 1105 0.58668
789 1410 0.51334
790 950 0.4375600000000001
791 1078 0.52866
791 1347 0.64978
791 1420 0.40381
791 1525 0.61027
792 842 0.46833
792 1131 0.61425
792 1171 0.48011
792 1491 0.40581
793 1508 0.49722
794 858 0.45012
795 1452 0.45183
796 946 0.4102
797 817 0.47274
797 873 0.4451100000000001
797 1151 0.49414
798 1403 0.46909
799 960 0.43625
800 1018 0.41545
800 1241 0.50247
802 832 0.40602
802 1020 0.41327
802 1317 0.4109
803 997 0.4793
803 1398 0.47771
803 1496 0.52162
803 1536 0.57806
805 854 0.45029
806 900 0.44944
806 1479 0.43286
808 844 0.44779
808 885 0.50802
808 1096 0.51902
809 892 0.44944
809 953 0.40709
809 1092 0.45113
809 1175 0.45012
809 1214 0.41545
809 1245 0.44944
809 1287 0.50247
809 1330 0.47772
809 1435 0.67211
809 1467 0.5605899999999999
809 1474 0.57439
809 1516 0.45113
810 993 0.51854
811 894 0.44446
813 1305 0.44631
814 1440 0.51867
815 1028 0.63147
817 831 0.43998
817 938 0.43644
817 1023 0.43358
817 1151 0.4936
817 1410 0.55494
818 822 0.4411100000000001
819 872 0.5602199999999999
819 887 0.64162
819 897 0.57717
819 951 0.6063
821 883 0.41027
821 1071 0.45329
821 1539 0.45403
823 940 0.50553
823 1106 0.41382
823 1422 0.5272100000000001
825 1217 0.59501
826 857 0.43829
826 861 0.43286
826 1013 0.45113
826 1041 0.43829
826 1086 0.58618
826 1130 0.5908399999999999
826 1246 0.57055
826 1276 0.50576
826 1300 0.5605899999999999
826 1310 0.73927
826 1389 0.49517
826 1396 0.5605899999999999
826 1513 0.52354
826 1545 0.4102
826 1550 0.43286
827 1219 0.44085
828 1512 0.51083
830 1154 0.42844
831 1151 0.48913
831 1410 0.40473
832 1084 0.5272100000000001
832 1115 0.41443
832 1218 0.52978
832 1290 0.5272100000000001
833 1025 0.44901
834 1511 0.4102
835 1217 0.4482
836 989 0.50576
837 1533 0.41129
838 871 0.70678
838 931 0.44184
838 1038 0.44454
838 1088 0.57055
838 1326 0.50498
839 1057 0.67235
839 1184 0.65608
840 939 0.44085
841 954 0.44208
842 931 0.41261
842 1038 0.45368
842 1491 0.47402
845 1134 0.40709
846 932 0.40616
846 1375 0.43257
846 1480 0.46975
847 998 0.4496600000000001
847 1360 0.53533
847 1411 0.43286
848 1207 0.48217
851 1121 0.4215100000000001
852 1477 0.49019
853 1281 0.44782
856 1040 0.42607
858 929 0.40602
858 1198 0.42824
860 969 0.42758
861 978 0.48011
861 1086 0.44446
861 1130 0.43829
861 1223 0.40709
861 1276 0.44944
861 1343 0.57055
861 1409 0.41802
861 1550 0.4102
862 1042 0.43943
863 1235 0.40806
863 1430 0.43531
865 997 0.44155
865 1398 0.51071
866 932 0.40603
866 1349 0.4087
866 1375 0.48875
866 1480 0.40073
866 1540 0.47911
868 997 0.44412
868 1398 0.5311
869 1153 0.43855
871 931 0.4218
871 1038 0.44251
871 1057 0.41149
871 1088 0.5605899999999999
871 1326 0.47203
872 887 0.53237
872 897 0.52984
872 951 0.54915
873 938 0.47343
873 1023 0.43751
873 1102 0.51946
873 1105 0.50485
873 1410 0.48521
877 1293 0.50247
881 1047 0.49019
882 1215 0.46194
883 1071 0.46201
883 1539 0.48623
886 1297 0.40709
887 897 0.5513
887 951 0.59875
888 1103 0.40777
888 1514 0.40602
889 1534 0.401
890 1302 0.4215100000000001
892 1250 0.41082
892 1474 0.50364
892 1511 0.50247
892 1518 0.44872
893 1114 0.43039
893 1230 0.5815600000000001
893 1346 0.59733
894 1185 0.4215100000000001
894 1310 0.44208
897 951 0.5663699999999999
898 1062 0.45012
900 1043 0.50247
900 1355 0.49019
900 1393 0.45113
900 1479 0.5272100000000001
901 928 0.5408
901 1134 0.40758
902 1318 0.44048
907 1474 0.4185100000000001
908 1266 0.4097
909 1329 0.5183399999999999
910 1466 0.40139
912 1428 0.5505800000000001
912 1524 0.43286
913 1084 0.52509
913 1290 0.4341600000000001
914 1532 0.5161
915 1045 0.42266
916 1206 0.41714
917 943 0.44446
919 964 0.42634
919 1254 0.40709
920 1324 0.43625
921 1129 0.44944
924 1318 0.52223
924 1441 0.42183
924 1464 0.43508
924 1521 0.43539
931 951 0.4391
931 1038 0.58353
931 1088 0.43829
931 1122 0.45362
931 1491 0.44242
932 1123 0.4408
932 1349 0.55405
932 1375 0.44507
932 1480 0.40212
932 1540 0.46119
934 983 0.63849
934 992 0.73927
934 1082 0.5908399999999999
934 1143 0.43829
934 1158 0.50247
934 1353 0.59645
934 1421 0.5272100000000001
934 1439 0.5272100000000001
934 1453 0.48011
934 1495 0.50247
935 1490 0.46866
936 1067 0.45012
938 1102 0.44844
938 1410 0.48121
939 958 0.43286
941 1024 0.44236
942 976 0.44622
947 1095 0.48011
948 978 0.41802
948 1409 0.45012
951 1088 0.43433
952 1222 0.48998
953 1511 0.50247
955 1501 0.44089
957 1006 0.40392
958 1445 0.48011
959 1159 0.43926
959 1208 0.4834600000000001
961 1474 0.40614
965 1540 0.50797
966 1398 0.42279
968 1472 0.42055
970 1375 0.44033
971 1272 0.41545
972 1295 0.47502
974 1282 0.43297
975 1341 0.62675
978 1343 0.5272100000000001
978 1409 0.43829
979 1012 0.42685
981 1318 0.45379
981 1441 0.41363
982 1066 0.62049
982 1201 0.40189
982 1253 0.44989
983 992 0.63849
983 1082 0.57439
983 1143 0.5272100000000001
983 1158 0.49019
983 1353 0.58618
983 1421 0.5908399999999999
983 1439 0.50247
983 1453 0.47513
983 1495 0.41545
984 1302 0.43829
985 1555 0.43855
987 1243 0.4998
987 1260 0.49934
987 1416 0.47619
987 1515 0.48122
990 1086 0.44208
990 1130 0.40602
990 1246 0.41802
990 1389 0.41545
990 1513 0.41545
990 1550 0.45012
992 1082 0.5908399999999999
992 1143 0.44446
992 1158 0.45113
992 1174 0.40709
992 1353 0.63147
992 1421 0.5272100000000001
992 1439 0.5272100000000001
994 1104 0.49019
995 1510 0.41315
996 1173 0.43922
997 1100 0.40864
997 1378 0.42094
997 1398 0.6097899999999999
998 1360 0.53179
998 1411 0.50576
999 1111 0.49391
999 1319 0.51466
999 1387 0.45788
1000 1144 0.46497
1001 1117 0.46712
1004 1185 0.5272100000000001
1005 1146 0.50241
1009 1375 0.46391
1009 1408 0.5516
1010 1406 0.48011
1011 1227 0.43089
1012 1029 0.43342
1013 1086 0.40709
1013 1130 0.42824
1013 1246 0.48011
1013 1310 0.42517
1013 1372 0.48011
1013 1409 0.49019
1013 1545 0.50576
1015 1528 0.44208
1015 1531 0.50576
1021 1338 0.45012
1022 1370 0.50826
1023 1410 0.4561
1026 1094 0.45638
1027 1043 0.47263
1027 1355 0.48011
1027 1479 0.49019
1031 1147 0.54375
1031 1418 0.4346600000000001
1032 1159 0.57582
1032 1208 0.40727
1032 1270 0.586
1033 1381 0.43829
1033 1486 0.44208
1034 1329 0.47014
1035 1333 0.40682
1036 1161 0.44208
1036 1449 0.44446
1037 1405 0.5519
1038 1122 0.44647
1038 1491 0.59245
1038 1554 0.42102
1039 1537 0.4548100000000001
1043 1479 0.5272100000000001
1044 1477 0.42634
1044 1511 0.40709
1046 1483 0.40725
1047 1535 0.43286
1050 1069 0.41065
1050 1311 0.6058899999999999
1052 1422 0.47848
1053 1269 0.44944
1055 1344 0.4215100000000001
1056 1284 0.4123
1057 1184 0.70935
1057 1326 0.40694
1058 1433 0.45014
1060 1180 0.43829
1060 1390 0.45012
1062 1224 0.40864
1063 1226 0.41545
1063 1320 0.5272100000000001
1065 1271 0.4679
1066 1253 0.48287
1067 1315 0.48011
1069 1378 0.413
1071 1539 0.54287
1072 1179 0.43286
1073 1543 0.4113600000000001
1076 1511 0.45113
1078 1347 0.52183
1078 1525 0.4884
1080 1257 0.46109
1080 1286 0.41076
1080 1374 0.5418
1080 1454 0.49128
1084 1218 0.4427100000000001
1086 1130 0.47513
1086 1246 0.59264
1086 1396 0.40709
1086 1409 0.50247
1087 1520 0.41489
1090 1314 0.44197
1090 1436 0.4194
1092 1511 0.50576
1097 1540 0.43286
1098 1307 0.40602
1100 1398 0.46219
1100 1496 0.62145
1100 1536 0.59813
1101 1447 0.40709
1102 1105 0.50871
1102 1410 0.48665
1104 1170 0.4215100000000001
1104 1269 0.43829
1104 1312 0.54069
1104 1364 0.44208
1104 1434 0.45113
1104 1465 0.49019
1104 1486 0.43829
1105 1410 0.45347
1109 1137 0.59455
1109 1249 0.53018
1109 1283 0.40963
1109 1455 0.6160899999999999
1111 1319 0.40651
1111 1387 0.7447600000000001
1112 1352 0.41014
1117 1228 0.43829
1118 1169 0.41435
1121 1417 0.40709
1123 1540 0.42541
1130 1246 0.48011
1130 1276 0.45012
1130 1300 0.45542
1130 1310 0.5272100000000001
1130 1389 0.44944
1130 1396 0.41545
1130 1513 0.44208
1130 1550 0.41802
1133 1160 0.4102
1134 1320 0.44446
1137 1249 0.48841
1137 1455 0.60012
1140 1262 0.45012
1141 1432 0.42675
1142 1346 0.43762
1142 1492 0.5142899999999999
1142 1547 0.4985
1147 1195 0.43704
1147 1418 0.56434
1147 1469 0.51237
1148 1378 0.41272
1149 1406 0.44944
1150 1488 0.4008
1151 1289 0.40809
1151 1410 0.44112
1153 1379 0.41507
1153 1519 0.5645399999999999
1154 1391 0.4194600000000001
1154 1441 0.40355
1155 1169 0.44208
1155 1172 0.45113
1155 1277 0.5092899999999999
1157 1323 0.41798
1157 1497 0.42213
1158 1331 0.48011
1159 1208 0.52227
1159 1270 0.45803
1163 1373 0.44901
1163 1381 0.40602
1166 1268 0.42634
1168 1345 0.425
1169 1277 0.4215100000000001
1175 1511 0.4215100000000001
1176 1444 0.5908399999999999
1178 1493 0.5313
1181 1511 0.40709
1183 1507 0.47063
1187 1510 0.44374
1188 1320 0.45113
1192 1193 0.4215100000000001
1193 1307 0.43286
1197 1339 0.52104
1197 1366 0.55907
1197 1509 0.42827
1201 1463 0.41334
1209 1412 0.46289
1214 1511 0.5272100000000001
1216 1340 0.42442
1218 1290 0.43338
1221 1222 0.4781
1221 1318 0.50278
1221 1362 0.51549
1221 1441 0.41419
1221 1543 0.43166
1225 1257 0.53975
1225 1286 0.42272
1225 1374 0.4432100000000001
1230 1346 0.6096699999999999
1233 1511 0.43286
1234 1316 0.43376
1240 1423 0.40021
1243 1260 0.68758
1243 1416 0.71216
1243 1504 0.50266
1243 1515 0.6816399999999999
1246 1310 0.50576
1246 1396 0.45012
1246 1409 0.40602
1246 1513 0.49672
1247 1489 0.41484
1248 1520 0.47683
1249 1455 0.57017
1250 1494 0.44446
1251 1258 0.47877
1255 1444 0.43829
1256 1298 0.47389
1257 1286 0.48011
1257 1317 0.42086
1257 1374 0.47804
1257 1454 0.45113
1257 1484 0.40373
1260 1416 0.70407
1260 1504 0.5287
1260 1515 0.74805
1261 1335 0.44944
1263 1264 0.43937
1265 1375 0.40709
1274 1293 0.5272100000000001
1274 1301 0.47513
1276 1310 0.41545
1276 1409 0.46305
1278 1459 0.40174
1279 1442 0.53959
1280 1521 0.43031
1285 1542 0.50247
1286 1402 0.43192
1286 1454 0.42886
1288 1460 0.4123
1291 1522 0.46684
1293 1301 0.49019
1296 1397 0.40602
1298 1458 0.4615800000000001
1300 1396 0.43286
1303 1457 0.4215100000000001
1307 1450 0.48011
1308 1375 0.4104
1310 1396 0.5272100000000001
1316 1494 0.50247
1317 1402 0.4649
1317 1484 0.43184
1318 1362 0.43013
1318 1391 0.40924
1318 1441 0.44788
1318 1464 0.4724
1318 1499 0.41393
1318 1543 0.4180100000000001
1324 1534 0.5876600000000001
1326 1480 0.4029
1327 1472 0.43577
1334 1526 0.40816
1335 1350 0.41545
1338 1389 0.43829
1339 1366 0.47306
1339 1438 0.47925
1339 1509 0.4573100000000001
1343 1409 0.40709
1347 1525 0.67375
1349 1540 0.41301
1354 1435 0.45012
1354 1494 0.65959
1355 1479 0.50247
1356 1436 0.42135
1365 1511 0.50247
1366 1438 0.40161
1371 1511 0.43829
1374 1454 0.4592
1374 1471 0.40701
1375 1408 0.46067
1375 1480 0.64327
1375 1540 0.4038
1378 1398 0.44503
1381 1486 0.4215100000000001
1386 1417 0.41802
1391 1441 0.4637
1391 1498 0.40274
1395 1416 0.40341
1398 1476 0.41617
1399 1517 0.41171
1400 1530 0.5231
1401 1511 0.50247
1402 1484 0.43636
1409 1545 0.57055
1415 1529 0.51656
1416 1504 0.54715
1416 1515 0.72821
1428 1524 0.50247
1433 1469 0.4769100000000001
1433 1511 0.45113
1435 1514 0.44944
1438 1509 0.41667
1441 1498 0.40567
1441 1543 0.45978
1456 1487 0.50576
1458 1514 0.4215100000000001
1469 1511 0.5272100000000001
1474 1511 0.5272100000000001
1474 1518 0.40862
1474 1523 0.40446
1477 1485 0.46305
1481 1538 0.47364
1496 1536 0.58637
1499 1521 0.45422
1500 1529 0.40838
1504 1515 0.55948
1511 1518 0.48011
1511 1523 0.49019
1529 1546 0.40648
